7 0.7388888888888889 0.525 0.10222222222222223 0.09666666666666666
7 0.09277777777777778 0.5244444444444445 0.10555555555555556 0.09555555555555556
7 0.285 0.27055555555555555 0.09444444444444444 0.10777777777777778
11 0.7538888888888889 0.20944444444444443 0.08555555555555555 0.09
7 0.16333333333333333 0.7194444444444444 0.10888888888888888 0.09666666666666666
7 0.43166666666666664 0.6372222222222222 0.09666666666666666 0.10777777777777778
7 0.6316666666666667 0.8066666666666666 0.09444444444444444 0.09777777777777778
11 0.9361111111111111 0.20444444444444446 0.09444444444444444 0.09111111111111111
7 0.4761111111111111 0.2833333333333333 0.11 0.10666666666666667
7 0.5933333333333334 0.08333333333333333 0.1 0.09555555555555556
3 0.27944444444444444 0.85 0.11 0.09111111111111111
7 0.5855555555555556 0.41 0.10888888888888888 0.08666666666666667
0 0.6061111111111112 0.4888888888888889 0.37666666666666665 0.5711111111111111
