7 0.7144444444444444 0.08777777777777777 0.10666666666666667 0.10222222222222223
11 0.5866666666666667 0.5038888888888889 0.09111111111111111 0.09444444444444444
5 0.875 0.6988888888888889 0.09222222222222222 0.09333333333333334
5 0.08666666666666667 0.7716666666666666 0.10444444444444445 0.10333333333333333
5 0.8866666666666667 0.2772222222222222 0.10444444444444445 0.10555555555555556
7 0.3688888888888889 0.5888888888888889 0.09111111111111111 0.08
11 0.21944444444444444 0.115 0.11 0.09222222222222222
7 0.36777777777777776 0.2644444444444444 0.09111111111111111 0.09111111111111111
5 0.5205555555555555 0.8388888888888889 0.09 0.08888888888888889
11 0.20333333333333334 0.4716666666666667 0.10666666666666667 0.09222222222222222
7 0.23944444444444443 0.9322222222222222 0.10333333333333333 0.10888888888888888
11 0.7577777777777778 0.8644444444444445 0.08888888888888889 0.1
0 0.8394444444444444 0.445 0.22777777777777777 0.20333333333333334
0 0.24944444444444444 0.27111111111111114 0.22111111111111112 0.26222222222222225
0 0.515 0.6161111111111112 0.3011111111111111 0.17444444444444446
