7 0.4716666666666667 0.06388888888888888 0.10333333333333333 0.0811111111111111
3 0.3977777777777778 0.8027777777777778 0.10444444444444445 0.10111111111111111
7 0.76 0.8216666666666667 0.08888888888888889 0.09
11 0.21611111111111111 0.43 0.11 0.10888888888888888
7 0.4811111111111111 0.44722222222222224 0.09555555555555556 0.10555555555555556
5 0.8927777777777778 0.4088888888888889 0.10111111111111111 0.10666666666666667
7 0.09666666666666666 0.7661111111111111 0.08888888888888889 0.11
11 0.40055555555555555 0.5827777777777777 0.09444444444444444 0.10333333333333333
7 0.7361111111111112 0.5822222222222222 0.10777777777777778 0.08888888888888889
7 0.5761111111111111 0.7838888888888889 0.11 0.10333333333333333
0 0.7155555555555555 0.4588888888888889 0.3022222222222222 0.24444444444444444
0 0.12555555555555556 0.5772222222222222 0.22666666666666666 0.25
0 0.37 0.5127777777777778 0.26666666666666666 0.33444444444444443
