5 0.0661111111111111 0.16444444444444445 0.10777777777777778 0.09111111111111111
11 0.7588888888888888 0.35333333333333333 0.09777777777777778 0.09111111111111111
5 0.5466666666666666 0.42333333333333334 0.10888888888888888 0.09333333333333334
5 0.47333333333333333 0.9283333333333333 0.09777777777777778 0.10555555555555556
11 0.7227777777777777 0.6044444444444445 0.07666666666666666 0.07777777777777778
5 0.9111111111111111 0.8833333333333333 0.09555555555555556 0.08222222222222222
11 0.4072222222222222 0.13 0.11 0.1
11 0.5572222222222222 0.08444444444444445 0.10555555555555556 0.09555555555555556
11 0.049444444444444444 0.44 0.09888888888888889 0.09777777777777778
0 0.81 0.3561111111111111 0.18222222222222223 0.2833333333333333
0 0.4738888888888889 0.20277777777777778 0.3055555555555556 0.20777777777777778
0 0.5455555555555556 0.6033333333333334 0.3244444444444444 0.21777777777777776
