7 0.6311111111111111 0.2972222222222222 0.10888888888888888 0.09888888888888889
5 0.41055555555555556 0.5044444444444445 0.09 0.08666666666666667
3 0.8572222222222222 0.5444444444444444 0.10111111111111111 0.09555555555555556
8 0.46111111111111114 0.05722222222222222 0.09333333333333334 0.09222222222222222
3 0.2761111111111111 0.6566666666666666 0.10777777777777778 0.09555555555555556
7 0.8627777777777778 0.3655555555555556 0.10555555555555556 0.08888888888888889
3 0.38555555555555554 0.2683333333333333 0.09333333333333334 0.08777777777777777
11 0.7194444444444444 0.155 0.10333333333333333 0.09
7 0.2544444444444444 0.42333333333333334 0.09555555555555556 0.10444444444444445
11 0.7183333333333334 0.6494444444444445 0.10777777777777778 0.09666666666666666
11 0.057777777777777775 0.2061111111111111 0.10666666666666667 0.09
0 0.17833333333333334 0.25055555555555553 0.2966666666666667 0.2922222222222222
0 0.8294444444444444 0.4272222222222222 0.30777777777777776 0.22555555555555556
0 0.29 0.7194444444444444 0.22666666666666666 0.2677777777777778
