6 0.12055555555555555 0.31722222222222224 0.10333333333333333 0.10555555555555556
7 0.8777777777777778 0.21944444444444444 0.1 0.10777777777777778
5 0.7116666666666667 0.5072222222222222 0.10111111111111111 0.09222222222222222
7 0.47833333333333333 0.6722222222222223 0.10777777777777778 0.08
3 0.19722222222222222 0.7538888888888889 0.09 0.09222222222222222
7 0.49166666666666664 0.46444444444444444 0.09444444444444444 0.10666666666666667
11 0.10333333333333333 0.8894444444444445 0.08222222222222222 0.08777777777777777
5 0.0661111111111111 0.6294444444444445 0.09 0.09
11 0.4272222222222222 0.8988888888888888 0.10333333333333333 0.06444444444444444
0 0.15833333333333333 0.6183333333333333 0.2677777777777778 0.2833333333333333
0 0.7477777777777778 0.8622222222222222 0.31777777777777777 0.24
0 0.64 0.3283333333333333 0.18 0.17444444444444446
