5 0.6572222222222223 0.5655555555555556 0.10555555555555556 0.09777777777777778
3 0.5888888888888889 0.31055555555555553 0.09777777777777778 0.10777777777777778
4 0.11055555555555556 0.4272222222222222 0.04111111111111111 0.09222222222222222
7 0.1461111111111111 0.07388888888888889 0.11 0.09666666666666666
7 0.8438888888888889 0.4661111111111111 0.10111111111111111 0.10333333333333333
3 0.3883333333333333 0.7005555555555556 0.10777777777777778 0.08777777777777777
11 0.6783333333333333 0.7738888888888888 0.09222222222222222 0.10333333333333333
7 0.7583333333333333 0.3005555555555556 0.11 0.09444444444444444
7 0.49277777777777776 0.8383333333333334 0.09888888888888889 0.08555555555555555
11 0.39944444444444444 0.49166666666666664 0.09 0.10333333333333333
7 0.205 0.6883333333333334 0.09444444444444444 0.09222222222222222
