11 0.22555555555555556 0.48444444444444446 0.09111111111111111 0.10444444444444445
7 0.07555555555555556 0.4255555555555556 0.09333333333333334 0.09777777777777778
6 0.8833333333333333 0.5877777777777777 0.10222222222222223 0.10666666666666667
3 0.8605555555555555 0.06888888888888889 0.10333333333333333 0.09777777777777778
5 0.8116666666666666 0.7494444444444445 0.09888888888888889 0.09666666666666666
4 0.40444444444444444 0.43833333333333335 0.08 0.09
7 0.37777777777777777 0.7016666666666667 0.08888888888888889 0.09888888888888889
4 0.17166666666666666 0.6422222222222222 0.09666666666666666 0.09777777777777778
4 0.7705555555555555 0.925 0.09222222222222222 0.10333333333333333
7 0.6227777777777778 0.7816666666666666 0.09444444444444444 0.10333333333333333
7 0.2816666666666667 0.215 0.09666666666666666 0.10555555555555556
7 0.10666666666666667 0.1661111111111111 0.10444444444444445 0.11
3 0.9183333333333333 0.2822222222222222 0.10333333333333333 0.08888888888888889
0 0.21222222222222223 0.30333333333333334 0.37333333333333335 0.44
