5 0.1922222222222222 0.7294444444444445 0.1111111111111111 0.11
7 0.3844444444444444 0.6888888888888889 0.09555555555555556 0.09777777777777778
11 0.37777777777777777 0.4666666666666667 0.10888888888888888 0.09333333333333334
7 0.69 0.16777777777777778 0.09777777777777778 0.1
7 0.20833333333333334 0.4488888888888889 0.10777777777777778 0.1
7 0.6611111111111111 0.8455555555555555 0.09111111111111111 0.1
5 0.9216666666666666 0.4627777777777778 0.10333333333333333 0.09222222222222222
5 0.4038888888888889 0.1938888888888889 0.08333333333333333 0.09222222222222222
7 0.6272222222222222 0.6716666666666666 0.09222222222222222 0.10777777777777778
11 0.8233333333333334 0.31666666666666665 0.10888888888888888 0.10666666666666667
0 0.365 0.6477777777777778 0.48777777777777775 0.5644444444444444
