11 0.54 0.5216666666666666 0.1 0.09666666666666666
7 0.8455555555555555 0.8727777777777778 0.10666666666666667 0.10111111111111111
11 0.08666666666666667 0.32166666666666666 0.09111111111111111 0.11
3 0.07055555555555555 0.11166666666666666 0.10555555555555556 0.10111111111111111
11 0.7472222222222222 0.3616666666666667 0.10777777777777778 0.10111111111111111
11 0.6711111111111111 0.09777777777777778 0.10666666666666667 0.1111111111111111
5 0.8788888888888889 0.06 0.08888888888888889 0.09333333333333334
5 0.5772222222222222 0.8738888888888889 0.09444444444444444 0.09
7 0.8272222222222222 0.6788888888888889 0.09444444444444444 0.10444444444444445
7 0.39111111111111113 0.9027777777777778 0.07111111111111111 0.10777777777777778
7 0.33555555555555555 0.25277777777777777 0.09111111111111111 0.09444444444444444
