3 0.46055555555555555 0.10611111111111111 0.10555555555555556 0.09888888888888889
7 0.7444444444444445 0.4738888888888889 0.09555555555555556 0.09222222222222222
11 0.8216666666666667 0.6333333333333333 0.09444444444444444 0.10888888888888888
5 0.2927777777777778 0.41055555555555556 0.11 0.09444444444444444
5 0.5983333333333334 0.41555555555555557 0.09888888888888889 0.09333333333333334
7 0.6977777777777778 0.056666666666666664 0.10666666666666667 0.10444444444444445
7 0.15333333333333332 0.6544444444444445 0.10888888888888888 0.09777777777777778
7 0.4361111111111111 0.7077777777777777 0.10555555555555556 0.09333333333333334
7 0.8222222222222222 0.8761111111111111 0.1 0.09222222222222222
7 0.7744444444444445 0.185 0.09333333333333334 0.09
5 0.05611111111111111 0.2838888888888889 0.09444444444444444 0.10333333333333333
5 0.4533333333333333 0.3005555555555556 0.09333333333333334 0.09222222222222222
0 0.8355555555555556 0.5533333333333333 0.2911111111111111 0.47555555555555556
0 0.29944444444444446 0.24722222222222223 0.22555555555555556 0.21
