5 0.5466666666666666 0.855 0.09111111111111111 0.09222222222222222
7 0.06555555555555556 0.13833333333333334 0.10666666666666667 0.10555555555555556
3 0.43 0.16722222222222222 0.10444444444444445 0.10333333333333333
7 0.21722222222222223 0.6666666666666666 0.11 0.10888888888888888
7 0.8711111111111111 0.5888888888888889 0.10222222222222223 0.10888888888888888
7 0.335 0.33555555555555555 0.09666666666666666 0.07777777777777778
7 0.6883333333333334 0.3572222222222222 0.06333333333333334 0.10333333333333333
7 0.4716666666666667 0.44277777777777777 0.11 0.09888888888888889
11 0.15777777777777777 0.8811111111111111 0.08888888888888889 0.09111111111111111
0 0.5883333333333334 0.5866666666666667 0.19 0.20666666666666667
0 0.7655555555555555 0.17555555555555555 0.2 0.2577777777777778
