7 0.16555555555555557 0.17666666666666667 0.08222222222222222 0.09777777777777778
7 0.7172222222222222 0.5177777777777778 0.10111111111111111 0.10888888888888888
5 0.3322222222222222 0.18444444444444444 0.09777777777777778 0.09777777777777778
3 0.7405555555555555 0.057777777777777775 0.09444444444444444 0.10222222222222223
5 0.28833333333333333 0.3844444444444444 0.08555555555555555 0.06666666666666667
3 0.25722222222222224 0.895 0.11 0.09888888888888889
6 0.17222222222222222 0.6611111111111111 0.10222222222222223 0.09333333333333334
1 0.56 0.79 0.10666666666666667 0.09333333333333334
5 0.895 0.7683333333333333 0.11 0.09222222222222222
7 0.9333333333333333 0.32666666666666666 0.1 0.1111111111111111
7 0.7205555555555555 0.8716666666666667 0.10333333333333333 0.09
0 0.7544444444444445 0.15944444444444444 0.18 0.28555555555555556
0 0.21944444444444444 0.4911111111111111 0.23 0.2644444444444444
0 0.5088888888888888 0.24388888888888888 0.28444444444444444 0.24333333333333335
