5 0.5855555555555556 0.8616666666666667 0.10888888888888888 0.09888888888888889
11 0.6638888888888889 0.5744444444444444 0.10555555555555556 0.09333333333333334
7 0.8627777777777778 0.6938888888888889 0.09666666666666666 0.10555555555555556
5 0.8605555555555555 0.19555555555555557 0.09666666666666666 0.1111111111111111
11 0.5838888888888889 0.12555555555555556 0.09888888888888889 0.09111111111111111
11 0.17222222222222222 0.7083333333333334 0.10888888888888888 0.11
5 0.40444444444444444 0.3516666666666667 0.10666666666666667 0.09444444444444444
11 0.10444444444444445 0.15166666666666667 0.09333333333333334 0.11
7 0.355 0.5783333333333334 0.09666666666666666 0.08777777777777777
5 0.665 0.3422222222222222 0.09666666666666666 0.1111111111111111
5 0.855 0.49722222222222223 0.10111111111111111 0.11
5 0.06555555555555556 0.8544444444444445 0.08888888888888889 0.10888888888888888
7 0.37333333333333335 0.8183333333333334 0.09777777777777778 0.09888888888888889
