11 0.47888888888888886 0.9394444444444444 0.08888888888888889 0.10777777777777778
5 0.6122222222222222 0.5016666666666667 0.10888888888888888 0.10333333333333333
7 0.8588888888888889 0.6177777777777778 0.09111111111111111 0.09333333333333334
11 0.9261111111111111 0.15611111111111112 0.09666666666666666 0.09444444444444444
3 0.6666666666666666 0.09555555555555556 0.09777777777777778 0.1
3 0.4 0.05444444444444444 0.09333333333333334 0.09777777777777778
7 0.42277777777777775 0.385 0.09888888888888889 0.09222222222222222
7 0.12222222222222222 0.29444444444444445 0.10222222222222223 0.09777777777777778
7 0.5605555555555556 0.7594444444444445 0.09444444444444444 0.09888888888888889
7 0.7216666666666667 0.3933333333333333 0.09444444444444444 0.1111111111111111
0 0.7466666666666667 0.5427777777777778 0.2111111111111111 0.25222222222222224
0 0.23777777777777778 0.5566666666666666 0.32222222222222224 0.3288888888888889
0 0.5466666666666666 0.6311111111111111 0.18444444444444444 0.25333333333333335
