7 0.6288888888888889 0.47555555555555556 0.09555555555555556 0.07555555555555556
7 0.8427777777777777 0.5022222222222222 0.11 0.08888888888888889
5 0.6577777777777778 0.6477777777777778 0.09777777777777778 0.10666666666666667
7 0.1922222222222222 0.3488888888888889 0.09555555555555556 0.10888888888888888
7 0.5261111111111111 0.24888888888888888 0.10111111111111111 0.09777777777777778
5 0.4855555555555556 0.8594444444444445 0.1 0.10333333333333333
7 0.6966666666666667 0.15055555555555555 0.09555555555555556 0.10777777777777778
5 0.31666666666666665 0.06166666666666667 0.10222222222222223 0.10777777777777778
7 0.08944444444444444 0.865 0.09 0.11
5 0.23944444444444443 0.9383333333333334 0.11 0.11
5 0.15222222222222223 0.7144444444444444 0.10444444444444445 0.10888888888888888
7 0.27444444444444444 0.5816666666666667 0.09555555555555556 0.10111111111111111
0 0.8183333333333334 0.5138888888888888 0.2588888888888889 0.4411111111111111
0 0.32166666666666666 0.2677777777777778 0.2877777777777778 0.5
