7 0.09777777777777778 0.72 0.10222222222222223 0.09555555555555556
11 0.1622222222222222 0.9283333333333333 0.1111111111111111 0.09444444444444444
7 0.6111111111111112 0.45 0.09333333333333334 0.09333333333333334
7 0.31444444444444447 0.32222222222222224 0.10666666666666667 0.08888888888888889
7 0.9316666666666666 0.7422222222222222 0.11 0.05333333333333334
7 0.3988888888888889 0.7877777777777778 0.10444444444444445 0.07777777777777778
11 0.5683333333333334 0.7672222222222222 0.09666666666666666 0.10555555555555556
7 0.7277777777777777 0.7761111111111111 0.09111111111111111 0.09666666666666666
5 0.11555555555555555 0.37 0.06888888888888889 0.057777777777777775
0 0.5488888888888889 0.43166666666666664 0.23777777777777778 0.3233333333333333
0 0.8222222222222222 0.19555555555555557 0.1711111111111111 0.2822222222222222
0 0.5055555555555555 0.715 0.3111111111111111 0.20777777777777778
