5 0.40166666666666667 0.7077777777777777 0.10777777777777778 0.10222222222222223
6 0.7611111111111111 0.4633333333333333 0.08888888888888889 0.08888888888888889
7 0.7794444444444445 0.195 0.10111111111111111 0.09222222222222222
11 0.7061111111111111 0.9088888888888889 0.09444444444444444 0.08666666666666667
5 0.9144444444444444 0.4766666666666667 0.07111111111111111 0.06222222222222222
11 0.305 0.3477777777777778 0.10111111111111111 0.08222222222222222
5 0.5322222222222223 0.32944444444444443 0.08888888888888889 0.10555555555555556
7 0.3661111111111111 0.5461111111111111 0.09888888888888889 0.09666666666666666
7 0.25222222222222224 0.7777777777777778 0.1 0.09777777777777778
5 0.4622222222222222 0.19 0.08888888888888889 0.10888888888888888
0 0.6183333333333333 0.4033333333333333 0.4633333333333333 0.2777777777777778
0 0.16444444444444445 0.32722222222222225 0.18 0.3188888888888889
