7 0.8183333333333334 0.33111111111111113 0.09444444444444444 0.10222222222222223
7 0.4816666666666667 0.8422222222222222 0.09666666666666666 0.08444444444444445
7 0.26555555555555554 0.23055555555555557 0.09777777777777778 0.10333333333333333
5 0.12111111111111111 0.30666666666666664 0.10888888888888888 0.1111111111111111
11 0.7005555555555556 0.6416666666666667 0.07444444444444444 0.09888888888888889
7 0.8416666666666667 0.7388888888888889 0.09444444444444444 0.10222222222222223
7 0.6705555555555556 0.21444444444444444 0.08333333333333333 0.09111111111111111
5 0.18388888888888888 0.51 0.10555555555555556 0.1111111111111111
7 0.19833333333333333 0.92 0.09444444444444444 0.08888888888888889
5 0.35444444444444445 0.40444444444444444 0.10222222222222223 0.1111111111111111
3 0.6311111111111111 0.06 0.1111111111111111 0.10222222222222223
11 0.8533333333333334 0.10944444444444444 0.08888888888888889 0.10111111111111111
0 0.24166666666666667 0.44722222222222224 0.32555555555555554 0.8055555555555556
