5 0.285 0.8622222222222222 0.10333333333333333 0.09777777777777778
3 0.7266666666666667 0.12833333333333333 0.10222222222222223 0.09666666666666666
11 0.3877777777777778 0.2688888888888889 0.10444444444444445 0.09333333333333334
3 0.19777777777777777 0.5088888888888888 0.10888888888888888 0.10444444444444445
7 0.7122222222222222 0.49444444444444446 0.10222222222222223 0.08888888888888889
7 0.6533333333333333 0.8683333333333333 0.1 0.09888888888888889
11 0.9183333333333333 0.2388888888888889 0.09 0.09111111111111111
7 0.9 0.7272222222222222 0.1111111111111111 0.0811111111111111
7 0.5744444444444444 0.6827777777777778 0.1 0.10555555555555556
7 0.7194444444444444 0.2966666666666667 0.10777777777777778 0.10444444444444445
0 0.25833333333333336 0.5772222222222222 0.17666666666666667 0.3322222222222222
0 0.49277777777777776 0.11166666666666666 0.19444444444444445 0.17888888888888888
0 0.8783333333333333 0.3522222222222222 0.24555555555555555 0.18666666666666668
