4 0.06888888888888889 0.89 0.1111111111111111 0.09555555555555556
11 0.52 0.8644444444444445 0.10666666666666667 0.09555555555555556
7 0.24944444444444444 0.5572222222222222 0.09444444444444444 0.10555555555555556
6 0.051666666666666666 0.5583333333333333 0.10333333333333333 0.09444444444444444
5 0.4255555555555556 0.4255555555555556 0.10666666666666667 0.1
7 0.8327777777777777 0.155 0.09 0.10111111111111111
3 0.36444444444444446 0.09722222222222222 0.10666666666666667 0.06777777777777778
3 0.6761111111111111 0.7011111111111111 0.09888888888888889 0.10444444444444445
7 0.7183333333333334 0.32555555555555554 0.10333333333333333 0.09777777777777778
11 0.09333333333333334 0.7411111111111112 0.1111111111111111 0.10888888888888888
11 0.8483333333333334 0.5933333333333334 0.10555555555555556 0.09333333333333334
0 0.29888888888888887 0.5133333333333333 0.46444444444444444 0.44222222222222224
0 0.4222222222222222 0.8694444444444445 0.4777777777777778 0.17666666666666667
