7 0.1338888888888889 0.5261111111111111 0.10111111111111111 0.10777777777777778
11 0.1338888888888889 0.19777777777777777 0.09444444444444444 0.09111111111111111
7 0.6933333333333334 0.54 0.1 0.09777777777777778
11 0.2677777777777778 0.6472222222222223 0.10444444444444445 0.09666666666666666
11 0.8811111111111111 0.7377777777777778 0.09777777777777778 0.06666666666666667
3 0.3061111111111111 0.29888888888888887 0.10333333333333333 0.07333333333333333
7 0.5022222222222222 0.5872222222222222 0.09111111111111111 0.09666666666666666
3 0.7038888888888889 0.1938888888888889 0.10555555555555556 0.09222222222222222
11 0.24444444444444444 0.06666666666666667 0.08888888888888889 0.10222222222222223
5 0.2972222222222222 0.8194444444444444 0.10777777777777778 0.09
5 0.415 0.10833333333333334 0.09 0.09
0 0.6694444444444444 0.6083333333333333 0.19444444444444445 0.21444444444444444
0 0.28 0.7766666666666666 0.29555555555555557 0.18888888888888888
0 0.7794444444444445 0.8805555555555555 0.2877777777777778 0.1988888888888889
