7 0.49 0.5927777777777777 0.08888888888888889 0.09444444444444444
5 0.9327777777777778 0.2827777777777778 0.09888888888888889 0.09444444444444444
5 0.62 0.16833333333333333 0.06666666666666667 0.09444444444444444
11 0.06555555555555556 0.7288888888888889 0.10222222222222223 0.10888888888888888
3 0.21444444444444444 0.39611111111111114 0.10888888888888888 0.08555555555555555
7 0.5411111111111111 0.9238888888888889 0.09333333333333334 0.10111111111111111
11 0.4022222222222222 0.25722222222222224 0.10222222222222223 0.09888888888888889
7 0.3416666666666667 0.5455555555555556 0.10111111111111111 0.09777777777777778
7 0.2538888888888889 0.8805555555555555 0.11 0.09
3 0.4211111111111111 0.09555555555555556 0.09111111111111111 0.10666666666666667
0 0.6416666666666667 0.7427777777777778 0.31444444444444447 0.27666666666666667
0 0.5261111111111111 0.465 0.22555555555555556 0.27666666666666667
0 0.23833333333333334 0.5661111111111111 0.3211111111111111 0.30333333333333334
