7 0.30333333333333334 0.7011111111111111 0.08888888888888889 0.09333333333333334
7 0.9044444444444445 0.17777777777777778 0.1 0.09333333333333334
7 0.2872222222222222 0.0961111111111111 0.10111111111111111 0.11
7 0.6427777777777778 0.8627777777777778 0.10555555555555556 0.11
11 0.6794444444444444 0.4494444444444444 0.09666666666666666 0.10333333333333333
7 0.14333333333333334 0.2833333333333333 0.10666666666666667 0.09555555555555556
7 0.725 0.7005555555555556 0.10111111111111111 0.09
1 0.9333333333333333 0.4411111111111111 0.09555555555555556 0.10888888888888888
11 0.3605555555555556 0.9138888888888889 0.10111111111111111 0.10555555555555556
3 0.8672222222222222 0.6294444444444445 0.09 0.06777777777777778
0 0.4077777777777778 0.6427777777777778 0.4688888888888889 0.39666666666666667
0 0.21944444444444444 0.2311111111111111 0.35888888888888887 0.1688888888888889
