7 0.21555555555555556 0.7105555555555556 0.1 0.10333333333333333
9 0.9294444444444444 0.4494444444444444 0.10333333333333333 0.09888888888888889
11 0.6488888888888888 0.6738888888888889 0.1 0.09
5 0.9094444444444445 0.93 0.06333333333333334 0.10666666666666667
11 0.44 0.7638888888888888 0.10444444444444445 0.10333333333333333
7 0.6827777777777778 0.8466666666666667 0.09444444444444444 0.08666666666666667
7 0.5311111111111111 0.4911111111111111 0.10444444444444445 0.09555555555555556
5 0.6094444444444445 0.2827777777777778 0.09444444444444444 0.10111111111111111
7 0.5322222222222223 0.11666666666666667 0.10222222222222223 0.1
5 0.8288888888888889 0.05611111111111111 0.09111111111111111 0.09888888888888889
11 0.28055555555555556 0.905 0.10333333333333333 0.10777777777777778
5 0.10222222222222223 0.5966666666666667 0.08888888888888889 0.10888888888888888
1 0.8566666666666667 0.7727777777777778 0.1111111111111111 0.09222222222222222
0 0.3794444444444444 0.6233333333333333 0.2877777777777778 0.27111111111111114
0 0.49944444444444447 0.3238888888888889 0.21888888888888888 0.29444444444444445
0 0.7333333333333333 0.7277777777777777 0.3088888888888889 0.26666666666666666
