5 0.17 0.16444444444444445 0.09777777777777778 0.09111111111111111
5 0.6905555555555556 0.235 0.09222222222222222 0.10111111111111111
3 0.8461111111111111 0.8783333333333333 0.11 0.09444444444444444
7 0.3794444444444444 0.8488888888888889 0.09 0.09333333333333334
7 0.6611111111111111 0.07166666666666667 0.10666666666666667 0.09
3 0.9133333333333333 0.7066666666666667 0.1111111111111111 0.10444444444444445
7 0.12277777777777778 0.31444444444444447 0.11 0.09111111111111111
7 0.105 0.4955555555555556 0.09888888888888889 0.08888888888888889
3 0.9044444444444445 0.5205555555555555 0.09777777777777778 0.11
0 0.11722222222222223 0.4633333333333333 0.19 0.2777777777777778
0 0.7788888888888889 0.8322222222222222 0.28 0.17777777777777778
0 0.30277777777777776 0.7733333333333333 0.24333333333333335 0.2644444444444444
