7 0.9288888888888889 0.3977777777777778 0.08888888888888889 0.09777777777777778
3 0.8683333333333333 0.18166666666666667 0.09888888888888889 0.10777777777777778
11 0.25555555555555554 0.5061111111111111 0.09333333333333334 0.09444444444444444
7 0.7561111111111111 0.6633333333333333 0.09666666666666666 0.09333333333333334
11 0.4033333333333333 0.19666666666666666 0.06888888888888889 0.08888888888888889
11 0.08666666666666667 0.7505555555555555 0.10888888888888888 0.08777777777777777
4 0.3211111111111111 0.8738888888888889 0.09333333333333334 0.09222222222222222
3 0.3138888888888889 0.07777777777777778 0.09666666666666666 0.10888888888888888
7 0.10944444444444444 0.17055555555555554 0.11 0.09
5 0.31333333333333335 0.35333333333333333 0.09333333333333334 0.10888888888888888
