11 0.38666666666666666 0.2911111111111111 0.1 0.10666666666666667
11 0.11888888888888889 0.575 0.10888888888888888 0.09666666666666666
7 0.09 0.2038888888888889 0.09333333333333334 0.10111111111111111
11 0.7883333333333333 0.14222222222222222 0.10555555555555556 0.09777777777777778
3 0.5544444444444444 0.15944444444444444 0.1 0.10333333333333333
7 0.28 0.44 0.10888888888888888 0.10666666666666667
7 0.8844444444444445 0.6427777777777778 0.10222222222222223 0.08555555555555555
7 0.5122222222222222 0.8622222222222222 0.10222222222222223 0.10888888888888888
11 0.9027777777777778 0.8344444444444444 0.09666666666666666 0.10666666666666667
4 0.705 0.5422222222222223 0.10555555555555556 0.09777777777777778
7 0.7433333333333333 0.9377777777777778 0.1 0.1
7 0.535 0.3861111111111111 0.09222222222222222 0.11
5 0.3827777777777778 0.6783333333333333 0.10777777777777778 0.09444444444444444
0 0.6444444444444445 0.7983333333333333 0.18444444444444444 0.2633333333333333
0 0.25555555555555554 0.5333333333333333 0.24666666666666667 0.2733333333333333
0 0.8433333333333334 0.13777777777777778 0.21333333333333335 0.26
