7 0.7011111111111111 0.8705555555555555 0.10222222222222223 0.09888888888888889
3 0.3466666666666667 0.15666666666666668 0.09333333333333334 0.10888888888888888
11 0.3977777777777778 0.7438888888888889 0.10666666666666667 0.09444444444444444
7 0.7361111111111112 0.20055555555555554 0.09666666666666666 0.09222222222222222
5 0.8983333333333333 0.7188888888888889 0.10333333333333333 0.10666666666666667
5 0.4722222222222222 0.9016666666666666 0.08444444444444445 0.07222222222222222
11 0.165 0.5666666666666667 0.09444444444444444 0.10888888888888888
5 0.24166666666666667 0.8422222222222222 0.10333333333333333 0.08888888888888889
11 0.7177777777777777 0.4527777777777778 0.1 0.09666666666666666
5 0.06277777777777778 0.1761111111111111 0.10111111111111111 0.09
7 0.4627777777777778 0.30833333333333335 0.10111111111111111 0.11
0 0.7344444444444445 0.6433333333333333 0.2577777777777778 0.1688888888888889
0 0.4177777777777778 0.18722222222222223 0.27111111111111114 0.2833333333333333
0 0.7138888888888889 0.25555555555555554 0.29444444444444445 0.17333333333333334
