7 0.13 0.19611111111111112 0.10888888888888888 0.09888888888888889
7 0.55 0.7422222222222222 0.10888888888888888 0.09777777777777778
7 0.1938888888888889 0.05333333333333334 0.10555555555555556 0.10444444444444445
10 0.8644444444444445 0.315 0.09777777777777778 0.09666666666666666
5 0.8055555555555556 0.8655555555555555 0.1 0.10222222222222223
7 0.6872222222222222 0.056666666666666664 0.10555555555555556 0.09555555555555556
5 0.3022222222222222 0.43833333333333335 0.1 0.09444444444444444
3 0.14944444444444444 0.7772222222222223 0.11 0.07888888888888888
5 0.5088888888888888 0.5466666666666666 0.10888888888888888 0.1111111111111111
11 0.7922222222222223 0.485 0.08888888888888889 0.09
7 0.07555555555555556 0.4022222222222222 0.1111111111111111 0.09777777777777778
7 0.45444444444444443 0.8822222222222222 0.10444444444444445 0.08888888888888889
8 0.5255555555555556 0.2688888888888889 0.1111111111111111 0.09333333333333334
0 0.79 0.6561111111111111 0.3511111111111111 0.27
0 0.33666666666666667 0.61 0.3711111111111111 0.4955555555555556
