3 0.7061111111111111 0.4988888888888889 0.10111111111111111 0.10222222222222223
7 0.5205555555555555 0.6033333333333334 0.10333333333333333 0.10888888888888888
7 0.2861111111111111 0.6872222222222222 0.10111111111111111 0.10333333333333333
7 0.5116666666666667 0.26666666666666666 0.09888888888888889 0.10666666666666667
7 0.735 0.3283333333333333 0.10777777777777778 0.10111111111111111
7 0.6722222222222223 0.12222222222222222 0.09111111111111111 0.1
7 0.4533333333333333 0.4461111111111111 0.10444444444444445 0.11
3 0.2388888888888889 0.34833333333333333 0.08888888888888889 0.09
11 0.04611111111111111 0.39611111111111114 0.06555555555555556 0.10333333333333333
4 0.8916666666666667 0.09166666666666666 0.10333333333333333 0.09666666666666666
3 0.5566666666666666 0.7605555555555555 0.1 0.07222222222222222
7 0.4305555555555556 0.09166666666666666 0.09888888888888889 0.10555555555555556
0 0.52 0.5566666666666666 0.44222222222222224 0.24888888888888888
0 0.7261111111111112 0.1711111111111111 0.47444444444444445 0.24666666666666667
