10 0.39444444444444443 0.8561111111111112 0.09777777777777778 0.09444444444444444
7 0.6233333333333333 0.7527777777777778 0.08888888888888889 0.09666666666666666
11 0.055 0.5777777777777777 0.09 0.09777777777777778
5 0.2838888888888889 0.315 0.09 0.09666666666666666
11 0.255 0.7677777777777778 0.09444444444444444 0.10888888888888888
3 0.8644444444444445 0.7777777777777778 0.10444444444444445 0.08888888888888889
7 0.9361111111111111 0.6077777777777778 0.10555555555555556 0.10888888888888888
7 0.44333333333333336 0.30944444444444447 0.08666666666666667 0.09
7 0.7627777777777778 0.27166666666666667 0.11 0.09888888888888889
5 0.5488888888888889 0.5072222222222222 0.09555555555555556 0.10555555555555556
0 0.4177777777777778 0.36277777777777775 0.26 0.43666666666666665
0 0.2627777777777778 0.7311111111111112 0.3188888888888889 0.24888888888888888
