4 0.2111111111111111 0.44166666666666665 0.10444444444444445 0.10111111111111111
5 0.47 0.5366666666666666 0.10888888888888888 0.09333333333333334
7 0.14777777777777779 0.6077777777777778 0.1 0.09111111111111111
3 0.9211111111111111 0.13944444444444445 0.09111111111111111 0.09
7 0.7394444444444445 0.11944444444444445 0.10777777777777778 0.09666666666666666
11 0.3883333333333333 0.31333333333333335 0.09888888888888889 0.09333333333333334
7 0.6305555555555555 0.27666666666666667 0.07666666666666666 0.10444444444444445
7 0.8533333333333334 0.33666666666666667 0.08666666666666667 0.08888888888888889
5 0.8261111111111111 0.7572222222222222 0.10555555555555556 0.09888888888888889
3 0.7227777777777777 0.6122222222222222 0.09 0.08444444444444445
0 0.6916666666666667 0.31222222222222223 0.24333333333333335 0.3288888888888889
0 0.25666666666666665 0.6127777777777778 0.33111111111111113 0.44555555555555554
