5 0.28833333333333333 0.19444444444444445 0.09222222222222222 0.1
3 0.66 0.37 0.1111111111111111 0.09777777777777778
5 0.6466666666666666 0.8872222222222222 0.08888888888888889 0.10111111111111111
7 0.09666666666666666 0.38666666666666666 0.08888888888888889 0.1
7 0.042777777777777776 0.69 0.07666666666666666 0.10888888888888888
11 0.5538888888888889 0.5588888888888889 0.10333333333333333 0.09555555555555556
5 0.7466666666666667 0.19833333333333333 0.10222222222222223 0.10333333333333333
7 0.21888888888888888 0.5944444444444444 0.08888888888888889 0.10222222222222223
11 0.3488888888888889 0.7266666666666667 0.10888888888888888 0.10888888888888888
7 0.9088888888888889 0.6016666666666667 0.09777777777777778 0.09444444444444444
3 0.07722222222222222 0.12666666666666668 0.11 0.08
7 0.9238888888888889 0.40944444444444444 0.09222222222222222 0.09666666666666666
7 0.7633333333333333 0.5666666666666667 0.10888888888888888 0.1111111111111111
