11 0.6583333333333333 0.29888888888888887 0.09444444444444444 0.10666666666666667
7 0.3277777777777778 0.3038888888888889 0.1 0.10333333333333333
7 0.455 0.06055555555555556 0.10777777777777778 0.10777777777777778
5 0.06555555555555556 0.5538888888888889 0.10888888888888888 0.09888888888888889
7 0.3761111111111111 0.8127777777777778 0.10555555555555556 0.09222222222222222
11 0.20555555555555555 0.19 0.1 0.10666666666666667
3 0.34833333333333333 0.63 0.09222222222222222 0.08888888888888889
7 0.24888888888888888 0.9066666666666666 0.1111111111111111 0.08222222222222222
5 0.6738888888888889 0.06055555555555556 0.10555555555555556 0.10777777777777778
9 0.10611111111111111 0.3738888888888889 0.10555555555555556 0.09444444444444444
7 0.85 0.5505555555555556 0.09111111111111111 0.09888888888888889
11 0.6711111111111111 0.8983333333333333 0.08888888888888889 0.10333333333333333
3 0.8583333333333333 0.17888888888888888 0.09222222222222222 0.09333333333333334
0 0.32944444444444443 0.49944444444444447 0.3211111111111111 0.19444444444444445
0 0.8372222222222222 0.7288888888888889 0.23 0.2777777777777778
0 0.6844444444444444 0.19833333333333333 0.19555555555555557 0.31444444444444447
