7 0.16666666666666666 0.51 0.09777777777777778 0.09333333333333334
10 0.3383333333333333 0.22277777777777777 0.09888888888888889 0.09888888888888889
5 0.6238888888888889 0.14666666666666667 0.09444444444444444 0.1111111111111111
7 0.5833333333333334 0.6305555555555555 0.09111111111111111 0.09
7 0.7494444444444445 0.785 0.09666666666666666 0.09
7 0.34555555555555556 0.7822222222222223 0.1 0.08666666666666667
7 0.4222222222222222 0.40166666666666667 0.10444444444444445 0.11
7 0.23166666666666666 0.9266666666666666 0.09666666666666666 0.09777777777777778
5 0.9283333333333333 0.19055555555555556 0.09888888888888889 0.11
0 0.43277777777777776 0.47055555555555556 0.5366666666666666 0.5788888888888889
