11 0.6688888888888889 0.8016666666666666 0.10666666666666667 0.10555555555555556
3 0.065 0.6583333333333333 0.10555555555555556 0.08777777777777777
7 0.5077777777777778 0.5383333333333333 0.08888888888888889 0.10777777777777778
1 0.42055555555555557 0.2577777777777778 0.09666666666666666 0.10444444444444445
3 0.345 0.49777777777777776 0.10555555555555556 0.10666666666666667
9 0.6277777777777778 0.24166666666666667 0.1111111111111111 0.09888888888888889
3 0.36333333333333334 0.9227777777777778 0.10888888888888888 0.10777777777777778
11 0.25666666666666665 0.25666666666666665 0.1111111111111111 0.09777777777777778
11 0.545 0.09833333333333333 0.10111111111111111 0.09666666666666666
11 0.7138888888888889 0.06388888888888888 0.09 0.10111111111111111
0 0.20666666666666667 0.20444444444444446 0.30666666666666664 0.2088888888888889
0 0.37777777777777777 0.7305555555555555 0.20666666666666667 0.2611111111111111
0 0.20777777777777778 0.48777777777777775 0.29777777777777775 0.2
