3 0.44055555555555553 0.8138888888888889 0.10777777777777778 0.10111111111111111
7 0.5694444444444444 0.3711111111111111 0.08555555555555555 0.08222222222222222
7 0.5466666666666666 0.15722222222222224 0.1111111111111111 0.09222222222222222
7 0.0961111111111111 0.35888888888888887 0.09 0.08888888888888889
6 0.7694444444444445 0.74 0.09 0.09333333333333334
7 0.8594444444444445 0.415 0.10333333333333333 0.09222222222222222
5 0.6272222222222222 0.81 0.09888888888888889 0.10888888888888888
11 0.3611111111111111 0.56 0.09777777777777778 0.10666666666666667
5 0.17333333333333334 0.7477777777777778 0.10222222222222223 0.09777777777777778
5 0.5688888888888889 0.5861111111111111 0.10222222222222223 0.11
7 0.38555555555555554 0.26666666666666666 0.10222222222222223 0.09777777777777778
7 0.29777777777777775 0.4033333333333333 0.09777777777777778 0.08888888888888889
0 0.31055555555555553 0.3433333333333333 0.3788888888888889 0.4533333333333333
0 0.9 0.20944444444444443 0.1688888888888889 0.22777777777777777
