7 0.11388888888888889 0.6072222222222222 0.09 0.08333333333333333
7 0.8127777777777778 0.3411111111111111 0.10777777777777778 0.08666666666666667
3 0.54 0.47 0.09111111111111111 0.09333333333333334
7 0.6488888888888888 0.6972222222222222 0.1111111111111111 0.09666666666666666
7 0.7283333333333334 0.5294444444444445 0.09222222222222222 0.09
5 0.12611111111111112 0.9122222222222223 0.09222222222222222 0.09777777777777778
5 0.45222222222222225 0.14333333333333334 0.1 0.08888888888888889
4 0.9188888888888889 0.8327777777777777 0.1 0.09
7 0.27 0.48944444444444446 0.1 0.09444444444444444
5 0.05277777777777778 0.32555555555555554 0.09 0.1
7 0.9222222222222223 0.5011111111111111 0.08888888888888889 0.09777777777777778
3 0.44 0.6633333333333333 0.1 0.10444444444444445
0 0.7822222222222223 0.6911111111111111 0.18444444444444444 0.25333333333333335
0 0.2761111111111111 0.6472222222222223 0.41 0.28555555555555556
