8 0.9338888888888889 0.16555555555555557 0.10555555555555556 0.08888888888888889
7 0.59 0.5261111111111111 0.10888888888888888 0.10555555555555556
5 0.8594444444444445 0.5422222222222223 0.09222222222222222 0.09111111111111111
3 0.10388888888888889 0.5755555555555556 0.09 0.10222222222222223
7 0.6505555555555556 0.22277777777777777 0.10555555555555556 0.11
5 0.8572222222222222 0.31222222222222223 0.09444444444444444 0.09111111111111111
3 0.31055555555555553 0.9205555555555556 0.10777777777777778 0.09888888888888889
11 0.7205555555555555 0.6972222222222222 0.10777777777777778 0.09666666666666666
7 0.44722222222222224 0.8277777777777777 0.09 0.09333333333333334
11 0.14888888888888888 0.3894444444444444 0.08222222222222222 0.10555555555555556
0 0.5294444444444445 0.5083333333333333 0.2388888888888889 0.9677777777777777
