11 0.8705555555555555 0.7188888888888889 0.10555555555555556 0.10222222222222223
11 0.21444444444444444 0.37722222222222224 0.10444444444444445 0.09222222222222222
10 0.7144444444444444 0.9094444444444445 0.1 0.09
11 0.7044444444444444 0.2594444444444444 0.1111111111111111 0.11
7 0.5194444444444445 0.8811111111111111 0.10333333333333333 0.1111111111111111
3 0.5538888888888889 0.6294444444444445 0.09888888888888889 0.09888888888888889
7 0.5111111111111111 0.25277777777777777 0.08888888888888889 0.10555555555555556
5 0.7127777777777777 0.4716666666666667 0.09888888888888889 0.10333333333333333
11 0.30666666666666664 0.5116666666666667 0.09777777777777778 0.10111111111111111
11 0.058333333333333334 0.18722222222222223 0.11 0.10333333333333333
7 0.2577777777777778 0.11333333333333333 0.1111111111111111 0.10444444444444445
0 0.7922222222222223 0.2477777777777778 0.25555555555555554 0.4444444444444444
0 0.2877777777777778 0.84 0.5 0.18444444444444444
