7 0.8183333333333334 0.5083333333333333 0.10333333333333333 0.10777777777777778
11 0.5777777777777777 0.06166666666666667 0.1 0.10777777777777778
5 0.8438888888888889 0.805 0.09888888888888889 0.10555555555555556
3 0.08833333333333333 0.9111111111111111 0.10777777777777778 0.1111111111111111
5 0.19166666666666668 0.15388888888888888 0.09888888888888889 0.09666666666666666
11 0.05611111111111111 0.3416666666666667 0.11 0.09888888888888889
7 0.7872222222222223 0.1388888888888889 0.10333333333333333 0.09333333333333334
5 0.5166666666666667 0.805 0.09111111111111111 0.10555555555555556
7 0.5272222222222223 0.2544444444444444 0.09888888888888889 0.10888888888888888
0 0.17833333333333334 0.3983333333333333 0.22555555555555556 0.5944444444444444
