11 0.48 0.6744444444444444 0.09333333333333334 0.10888888888888888
5 0.4538888888888889 0.47833333333333333 0.11 0.09444444444444444
7 0.87 0.7861111111111111 0.1111111111111111 0.09444444444444444
11 0.8094444444444444 0.2222222222222222 0.10111111111111111 0.10444444444444445
7 0.19666666666666666 0.7977777777777778 0.08888888888888889 0.09333333333333334
5 0.6116666666666667 0.24444444444444444 0.09222222222222222 0.10888888888888888
3 0.2544444444444444 0.17444444444444446 0.10444444444444445 0.08888888888888889
7 0.8827777777777778 0.48833333333333334 0.09444444444444444 0.11
11 0.7155555555555555 0.36277777777777775 0.07777777777777778 0.07444444444444444
11 0.2011111111111111 0.37166666666666665 0.10888888888888888 0.08555555555555555
7 0.07388888888888889 0.24833333333333332 0.10333333333333333 0.09444444444444444
