5 0.23166666666666666 0.5755555555555556 0.09222222222222222 0.1
7 0.5483333333333333 0.6144444444444445 0.10555555555555556 0.08222222222222222
7 0.8522222222222222 0.6161111111111112 0.09555555555555556 0.10555555555555556
7 0.21555555555555556 0.14333333333333334 0.09333333333333334 0.10222222222222223
5 0.7316666666666667 0.9022222222222223 0.10333333333333333 0.10444444444444445
11 0.5361111111111111 0.2788888888888889 0.10555555555555556 0.1111111111111111
7 0.5566666666666666 0.9244444444444444 0.09777777777777778 0.09777777777777778
7 0.058888888888888886 0.925 0.10888888888888888 0.09
5 0.12611111111111112 0.37666666666666665 0.09222222222222222 0.1111111111111111
7 0.6938888888888889 0.54 0.10111111111111111 0.09333333333333334
5 0.825 0.12611111111111112 0.10777777777777778 0.09888888888888889
7 0.8644444444444445 0.4211111111111111 0.10444444444444445 0.10444444444444445
0 0.6194444444444445 0.43 0.7566666666666667 0.7222222222222222
