6 0.65 0.5555555555555556 0.09777777777777778 0.1
11 0.09055555555555556 0.2783333333333333 0.10777777777777778 0.09888888888888889
11 0.4177777777777778 0.565 0.10444444444444445 0.10333333333333333
7 0.9255555555555556 0.9122222222222223 0.09777777777777778 0.09111111111111111
7 0.46055555555555555 0.1 0.09444444444444444 0.10222222222222223
10 0.22722222222222221 0.48333333333333334 0.10555555555555556 0.09777777777777778
11 0.6605555555555556 0.2927777777777778 0.10555555555555556 0.09444444444444444
11 0.8433333333333334 0.10611111111111111 0.08 0.07222222222222222
11 0.11833333333333333 0.8905555555555555 0.10555555555555556 0.10555555555555556
7 0.4538888888888889 0.35944444444444446 0.10555555555555556 0.08777777777777777
3 0.37722222222222224 0.8033333333333333 0.10555555555555556 0.1111111111111111
7 0.9377777777777778 0.2866666666666667 0.1111111111111111 0.1111111111111111
5 0.2644444444444444 0.6555555555555556 0.09777777777777778 0.10222222222222223
0 0.145 0.7827777777777778 0.17 0.3188888888888889
0 0.6188888888888889 0.7527777777777778 0.33111111111111113 0.27666666666666667
0 0.3811111111111111 0.3927777777777778 0.2866666666666667 0.32555555555555554
