3 0.3233333333333333 0.28944444444444445 0.09555555555555556 0.08333333333333333
3 0.6472222222222223 0.42333333333333334 0.09666666666666666 0.08222222222222222
7 0.08222222222222222 0.15888888888888889 0.10888888888888888 0.07777777777777778
5 0.885 0.6616666666666666 0.09888888888888889 0.09888888888888889
11 0.7388888888888889 0.835 0.10666666666666667 0.10555555555555556
7 0.21222222222222223 0.4683333333333333 0.1111111111111111 0.10555555555555556
4 0.67 0.26 0.1 0.10666666666666667
3 0.5033333333333333 0.32166666666666666 0.1 0.10333333333333333
5 0.6588888888888889 0.6372222222222222 0.09555555555555556 0.10777777777777778
5 0.25277777777777777 0.7016666666666667 0.10333333333333333 0.11
7 0.04888888888888889 0.3433333333333333 0.09555555555555556 0.1
5 0.30666666666666664 0.07777777777777778 0.10888888888888888 0.09111111111111111
6 0.5566666666666666 0.805 0.10888888888888888 0.10777777777777778
