3 0.08 0.34555555555555556 0.10666666666666667 0.10666666666666667
5 0.8366666666666667 0.5316666666666666 0.10444444444444445 0.09888888888888889
7 0.7327777777777778 0.35888888888888887 0.10333333333333333 0.09777777777777778
7 0.2011111111111111 0.7227777777777777 0.09333333333333334 0.09222222222222222
7 0.24222222222222223 0.22611111111111112 0.10666666666666667 0.09444444444444444
7 0.5494444444444444 0.7255555555555555 0.09444444444444444 0.08888888888888889
11 0.3672222222222222 0.5772222222222222 0.10555555555555556 0.07222222222222222
5 0.7055555555555556 0.05444444444444444 0.10666666666666667 0.10222222222222223
7 0.7311111111111112 0.77 0.10222222222222223 0.09777777777777778
11 0.5038888888888889 0.9311111111111111 0.09 0.09111111111111111
5 0.08944444444444444 0.9061111111111111 0.10777777777777778 0.10111111111111111
7 0.49444444444444446 0.4888888888888889 0.09333333333333334 0.10888888888888888
