3 0.2765017667844523 0.24113475177304963 0.10600706713780919 0.11702127659574468
3 0.7358657243816255 0.48936170212765956 0.10600706713780919 0.11702127659574468
3 0.2773851590106007 0.7429078014184397 0.10424028268551237 0.11347517730496454
2 0.5057420494699647 0.3466312056737589 0.35600706713780916 0.21808510638297873
2 0.5044169611307421 0.6338652482269503 0.3568904593639576 0.28900709219858156
10 0.06537102473498234 0.13652482269503546 0.09010600706713781 0.18439716312056736
10 0.06537102473498234 0.4716312056737589 0.09010600706713781 0.18085106382978725
10 0.06537102473498234 0.8262411347517731 0.09010600706713781 0.18085106382978725
10 0.931095406360424 0.2801418439716312 0.07243816254416961 0.1524822695035461
10 0.931095406360424 0.6666666666666666 0.07243816254416961 0.1453900709219858
