4 0.8703703703703703 0.19585987261146498 0.05925925925925926 0.18471337579617833
4 0.8703703703703703 0.5207006369426752 0.05925925925925926 0.18471337579617833
4 0.8703703703703703 0.8423566878980892 0.05925925925925926 0.18471337579617833
0 0.6788888888888889 0.2085987261146497 0.24222222222222223 0.10191082802547771
0 0.6792592592592592 0.5318471337579618 0.24592592592592594 0.10509554140127389
0 0.68 0.8550955414012739 0.24444444444444444 0.10191082802547771
3 0.502962962962963 0.5270700636942676 0.07111111111111111 0.10191082802547771
0 0.3174074074074074 0.5461783439490446 0.22444444444444445 0.16560509554140126
0 0.36074074074074075 0.24522292993630573 0.24296296296296296 0.4872611464968153
0 0.08962962962962963 0.5318471337579618 0.17777777777777778 0.2643312101910828
