3 0.3 0.21477272727272728 0.12166666666666667 0.10909090909090909
3 0.7033333333333334 0.21136363636363636 0.12166666666666667 0.11136363636363636
3 0.9379166666666666 0.21136363636363636 0.12083333333333333 0.11136363636363636
3 0.39166666666666666 0.5340909090909091 0.12166666666666667 0.11136363636363636
3 0.7033333333333334 0.7852272727272728 0.12166666666666667 0.11363636363636363
2 0.50125 0.20909090909090908 0.2775 0.03409090909090909
2 0.8216666666666667 0.20909090909090908 0.11166666666666666 0.03409090909090909
2 0.5525 0.3755681818181818 0.23 0.22386363636363638
2 0.7075 0.4965909090909091 0.02666666666666667 0.4590909090909091
0 0.20833333333333334 0.13863636363636364 0.08166666666666667 0.08863636363636364
0 0.27 0.09772727272727273 0.03833333333333333 0.125
0 0.19077519379844957 0.2159090909090909 0.095 0.05227272727272727
0 0.20833333333333334 0.2897727272727273 0.08166666666666667 0.09090909090909091
0 0.3 0.45787526427061315 0.08166666666666667 0.08863636363636364
0 0.2833333333333333 0.5329545454545455 0.095 0.05454545454545454
0 0.3 0.6068181818181818 0.08166666666666667 0.08863636363636364
0 0.3625 0.6488636363636363 0.04 0.12727272727272726
0 0.6133333333333333 0.7068181818181818 0.08166666666666667 0.08863636363636364
0 0.5941666666666666 0.7852272727272728 0.09333333333333334 0.05454545454545454
0 0.6125 0.8602272727272727 0.08 0.08636363636363636
0 0.6758333333333333 0.9011363636363636 0.04 0.12727272727272726
0 0.7291666666666666 0.9022727272727272 0.04 0.125
0 0.7941666666666667 0.8590909090909091 0.08 0.08863636363636364
0 0.8125 0.7852272727272728 0.09333333333333334 0.05454545454545454
0 0.7933333333333333 0.7068181818181818 0.08166666666666667 0.08863636363636364
