10 0.2311669128508124 0.931899641577061 0.053175775480059084 0.06989247311827956
10 0.3914327917282127 0.9292114695340502 0.06646971935007386 0.07526881720430108
0 0.3892171344165436 0.8100358422939068 0.15066469719350073 0.12724014336917563
0 0.23338257016248154 0.8100358422939068 0.14918759231905465 0.12724014336917563
0 0.07680945347119646 0.8082437275985663 0.15214180206794684 0.12724014336917563
7 0.23559822747415066 0.6684587813620072 0.10930576070901034 0.06630824372759857
7 0.23485967503692762 0.4659498207885305 0.06942392909896603 0.08422939068100359
7 0.6979320531757754 0.4668458781362007 0.10930576070901034 0.06451612903225806
0 0.4564254062038405 0.6093189964157706 0.15214180206794684 0.12724014336917563
0 0.6129985228951256 0.6102150537634409 0.14918759231905465 0.12544802867383512
0 0.7688330871491876 0.6093189964157706 0.15066469719350073 0.12724014336917563
0 0.9250369276218612 0.6102150537634409 0.14697193500738553 0.12544802867383512
10 0.6152141802067946 0.7329749103942652 0.06499261447562776 0.06630824372759857
10 0.7710487444608567 0.7329749103942652 0.06646971935007386 0.06630824372759857
10 0.9283604135893648 0.7329749103942652 0.06499261447562776 0.06630824372759857
3 0.45125553914327915 0.24551971326164876 0.0827178729689808 0.06630824372759857
3 0.6285081240768094 0.13082437275985664 0.0827178729689808 0.06630824372759857
0 0.7031019202363368 0.06810035842293907 0.15805022156573117 0.13440860215053763
