10 0.07840236686390532 0.4965986394557823 0.09615384615384616 0.30612244897959184
3 0.33210059171597633 0.4897959183673469 0.1242603550295858 0.3877551020408163
7 0.1804733727810651 0.5510204081632653 0.10502958579881656 0.23809523809523808
0 0.48520710059171596 0.42857142857142855 0.2973372781065089 0.8503401360544217
0 0.15976331360946747 0.43197278911564624 0.3150887573964497 0.8435374149659864
0 0.8191568047337278 0.42857142857142855 0.35872781065088755 0.8503401360544217
2 0.48329422566823094 0.5674407694112128 0.17445419302183227 0.0985221674876847
3 0.6338757396449705 0.608843537414966 0.1242603550295858 0.38095238095238093
7 0.8224852071005917 0.6326530612244898 0.10502958579881656 0.23809523809523808
10 0.9208579881656804 0.5510204081632653 0.09763313609467456 0.30612244897959184
