3 0.1307237813884786 0.30027173913043476 0.11225997045790251 0.1358695652173913
3 0.4977843426883309 0.30027173913043476 0.11078286558345643 0.1358695652173913
3 0.8700147710487445 0.3016304347826087 0.11078286558345643 0.13858695652173914
7 0.1307237813884786 0.5584239130434783 0.09748892171344166 0.08695652173913043
7 0.4963072378138848 0.5570652173913043 0.09896602658788774 0.08967391304347826
7 0.8692762186115214 0.5584239130434783 0.09748892171344166 0.08695652173913043
10 0.12038404726735598 0.7894021739130435 0.09748892171344166 0.11956521739130435
10 0.4859675036927622 0.7880434782608695 0.09601181683899557 0.12228260869565218
10 0.8581979320531757 0.7894021739130435 0.09601181683899557 0.11956521739130435
0 0.12998522895125553 0.6426630434782609 0.258493353028065 0.5978260869565217
0 0.4977843426883309 0.6440217391304348 0.258493353028065 0.595108695652174
0 0.870384047267356 0.6440217391304348 0.25627769571639586 0.6005434782608695
0 0.3072378138847858 0.23097826086956522 0.30576070901033975 0.3342391304347826
0 0.6772525849335302 0.23097826086956522 0.3072378138847858 0.33967391304347827
2 0.3150592052691478 0.2867293300071276 0.2524396445262368 0.04900213827512472
2 0.6837300530304865 0.28728617248752675 0.2572826113276993 0.04343371347113327
