0 0.5011160714285714 0.4989754098360656 0.9947916666666666 0.9959016393442623
3 0.4992559523809524 0.3350409836065574 0.11607142857142858 0.10655737704918032
3 0.8534226190476191 0.3350409836065574 0.11607142857142858 0.10655737704918032
3 0.14434523809523808 0.3350409836065574 0.11755952380952381 0.10655737704918032
7 0.14434523809523808 0.5327868852459017 0.12053571428571429 0.07172131147540983
7 0.49851190476190477 0.5317622950819673 0.12351190476190477 0.07377049180327869
7 0.8571428571428571 0.5317622950819673 0.12351190476190477 0.07377049180327869
10 0.8645833333333334 0.6987704918032787 0.12351190476190477 0.12090163934426229
10 0.5081845238095238 0.6987704918032787 0.12202380952380952 0.12090163934426229
10 0.1488095238095238 0.6997950819672131 0.12351190476190477 0.12295081967213115
2 0.32142857142857145 0.3401639344262295 0.23660714285714285 0.0389344262295082
2 0.6763392857142857 0.3406762295081967 0.23809523809523808 0.042008196721311473
