6 0.10113084112149534 0.08415841584158416 0.112 0.10148514851485149
6 0.301 0.08415841584158416 0.112 0.10148514851485149
6 0.267 0.4876237623762376 0.112 0.10148514851485149
6 0.185 0.6076732673267327 0.112 0.10396039603960396
7 0.094 0.2042079207920792 0.098 0.0594059405940594
7 0.292 0.2042079207920792 0.098 0.0594059405940594
10 0.044 0.297029702970297 0.082 0.08663366336633663
10 0.136 0.297029702970297 0.082 0.08663366336633663
10 0.242 0.297029702970297 0.082 0.08663366336633663
10 0.334 0.297029702970297 0.082 0.08663366336633663
10 0.324 0.9084158415841584 0.082 0.08663366336633663
10 0.415 0.9084158415841584 0.084 0.08663366336633663
10 0.561 0.9084158415841584 0.084 0.08663366336633663
10 0.653 0.9084158415841584 0.084 0.08663366336633663
3 0.382 0.5123762376237624 0.082 0.06683168316831684
3 0.304 0.6126237623762376 0.082 0.06930693069306931
3 0.394 0.7153465346534653 0.082 0.06683168316831684
3 0.62 0.7153465346534653 0.082 0.07178217821782178
3 0.62 0.6076732673267327 0.082 0.06930693069306931
3 0.553 0.1745049504950495 0.084 0.06930693069306931
3 0.642 0.07178217821782178 0.082 0.06683168316831684
3 0.642 0.2747524752475248 0.082 0.06683168316831684
3 0.869 0.2747524752475248 0.084 0.06683168316831684
3 0.869 0.1670792079207921 0.084 0.06930693069306931
0 0.776 0.06188118811881188 0.09 0.06683168316831684
0 0.526 0.5024752475247525 0.09 0.06683168316831684
7 0.374 0.8205445544554455 0.098 0.0594059405940594
7 0.61 0.8205445544554455 0.098 0.0594059405940594
0 0.465 0.6212871287128713 0.396 0.2995049504950495
0 0.719 0.17945544554455445 0.416 0.30198019801980197
0 0.465 0.6113861386138614 0.14 0.08663366336633663
0 0.715 0.1707920792079208 0.14 0.08663366336633663
2 0.198 0.09900990099009901 0.09 0.017326732673267328
2 0.098 0.15346534653465346 0.014 0.04207920792079208
2 0.301 0.15594059405940594 0.012 0.03712871287128713
2 0.597 0.12252475247524752 0.044 0.039603960396039604
2 0.341 0.6683168316831684 0.036 0.05198019801980198
2 0.346 0.5643564356435643 0.042 0.03712871287128713
2 0.579 0.5507425742574258 0.04 0.054455445544554455
2 0.62 0.7710396039603961 0.014 0.039603960396039604
2 0.383 0.7698019801980198 0.016 0.04207920792079208
2 0.59 0.22896039603960397 0.038 0.04950495049504951
2 0.7081705150976909 0.06606229006559626 0.04795737122557728 0.023301619682394532
2 0.827708703374778 0.10980778362028033 0.03481349911190045 0.04836185217100752
2 0.4552870090634441 0.5070144476683318 0.05981873111782477 0.01944303191648469
