10 0.075 0.15397923875432526 0.04516129032258064 0.07612456747404844
9 0.075 0.4688581314878893 0.04516129032258064 0.11764705882352941
9 0.075 0.6124567474048442 0.04516129032258064 0.11418685121107267
7 0.16451612903225807 0.25259515570934254 0.043548387096774194 0.10034602076124567
7 0.16451612903225807 0.47058823529411764 0.043548387096774194 0.10034602076124567
11 0.17580645161290323 0.7906574394463668 0.043548387096774194 0.07612456747404844
4 0.22903225806451613 0.7750865051903114 0.024193548387096774 0.10726643598615918
11 0.2806451612903226 0.7941176470588235 0.03064516129032258 0.06920415224913495
7 0.27983870967741936 0.6089965397923875 0.041935483870967745 0.10034602076124567
3 0.2669354838709677 0.370242214532872 0.041935483870967745 0.10034602076124567
11 0.3758064516129032 0.370242214532872 0.056451612903225805 0.10034602076124567
0 0.22258064516129034 0.4982698961937716 0.4274193548387097 0.9930795847750865
0 0.6080645161290322 0.35121107266435986 0.09516129032258064 0.1384083044982699
10 0.867741935483871 0.10034602076124567 0.043548387096774194 0.07958477508650519
0 0.9024193548387097 0.1695501730103806 0.18064516129032257 0.29411764705882354
0 0.8190482662800531 0.7110726643598616 0.34293524223752564 0.5397923875432526
11 0.6991935483870968 0.6193771626297578 0.054838709677419356 0.10034602076124567
3 0.7895161290322581 0.6193771626297578 0.041935483870967745 0.10034602076124567
7 0.8564516129032258 0.6193771626297578 0.043548387096774194 0.10034602076124567
9 0.9395161290322581 0.6262975778546713 0.04516129032258064 0.12110726643598616
9 0.9387096774193548 0.7716262975778547 0.043548387096774194 0.11418685121107267
