3 0.2749169435215947 0.15306122448979592 0.07973421926910298 0.10430839002267574
3 0.9584717607973422 0.15306122448979592 0.07807308970099668 0.10430839002267574
3 0.9584717607973422 0.5011337868480725 0.07807308970099668 0.10657596371882086
3 0.2749169435215947 0.63718820861678 0.07973421926910298 0.10657596371882086
3 0.2749169435215947 0.9070294784580499 0.07973421926910298 0.10657596371882086
3 0.9584717607973422 0.9070294784580499 0.07807308970099668 0.10657596371882086
10 0.2749169435215947 0.3956916099773243 0.07641196013289037 0.09070294784580499
0 0.632890365448505 0.5 0.19767441860465115 0.18140589569160998
0 0.632890365448505 0.9070294784580499 0.19767441860465115 0.17913832199546487
2 0.6569767441860465 0.15192743764172337 0.6810631229235881 0.1111111111111111
2 0.42317275747508304 0.4433106575963719 0.21677740863787376 0.10430839002267574
2 0.4269102990033223 0.5793650793650794 0.22757475083056478 0.09070294784580499
2 0.8239202657807309 0.4875283446712018 0.18438538205980065 0.05215419501133787
2 0.42524916943521596 0.8945578231292517 0.21428571428571427 0.05442176870748299
2 0.8214285714285714 0.8866213151927438 0.1893687707641196 0.06575963718820861
