0 0.25 0.09339407744874716 0.14583333333333334 0.1845102505694761
0 0.42467948717948717 0.09339407744874716 0.14583333333333334 0.1845102505694761
0 0.6009615384615384 0.09339407744874716 0.14583333333333334 0.1845102505694761
0 0.07371794871794872 0.2870159453302961 0.14583333333333334 0.1845102505694761
0 0.07371794871794872 0.5148063781321185 0.14583333333333334 0.1845102505694761
0 0.07371794871794872 0.7425968109339408 0.14583333333333334 0.1845102505694761
0 0.24358974358974358 0.9020501138952164 0.14583333333333334 0.1845102505694761
0 0.41185897435897434 0.9020501138952164 0.14583333333333334 0.1845102505694761
0 0.5881410256410257 0.9020501138952164 0.14583333333333334 0.1845102505694761
10 0.2916666666666667 0.07289293849658314 0.052884615384615384 0.07061503416856492
10 0.46955128205128205 0.0683371298405467 0.052884615384615384 0.07061503416856492
10 0.6442307692307693 0.0683371298405467 0.05608974358974359 0.07061503416856492
10 0.11778846153846154 0.23804100227790434 0.05448717948717949 0.07289293849658314
10 0.11858974358974358 0.4624145785876993 0.052884615384615384 0.07061503416856492
10 0.11698717948717949 0.7209567198177677 0.052884615384615384 0.07289293849658314
10 0.2860576923076923 0.8701594533029613 0.05448717948717949 0.07061503416856492
10 0.45592948717948717 0.8701594533029613 0.05448717948717949 0.07061503416856492
10 0.6322115384615384 0.8519362186788155 0.05448717948717949 0.07061503416856492
7 0.20673076923076922 0.5011389521640092 0.05929487179487179 0.08428246013667426
7 0.43830128205128205 0.30637813211845105 0.060897435897435896 0.08656036446469248
7 0.4375 0.6685649202733486 0.05929487179487179 0.08656036446469248
3 0.8181089743589743 0.3052391799544419 0.057692307692307696 0.08428246013667426
3 0.9699519230769231 0.47266514806378135 0.05689102564102564 0.08200455580865604
3 0.8181089743589743 0.6697038724373576 0.057692307692307696 0.08428246013667426
