10 0.08974358974358974 0.29411764705882354 0.0625 0.07352941176470588
10 0.25400641025641024 0.12710084033613445 0.0641025641025641 0.07563025210084033
10 0.07532051282051282 0.6911764705882353 0.0625 0.07352941176470588
10 0.24919871794871795 0.8602941176470589 0.0641025641025641 0.07563025210084033
7 0.25400641025641024 0.296218487394958 0.07371794871794872 0.0861344537815126
7 0.25 0.6922268907563025 0.07532051282051282 0.08823529411764706
0 0.9182692307692307 0.4989495798319328 0.11057692307692307 0.09663865546218488
7 0.5440705128205128 0.2920168067226891 0.07371794871794872 0.09453781512605042
7 0.5536858974358975 0.6985294117647058 0.07371794871794872 0.10084033613445378
7 0.6995192307692307 0.4989495798319328 0.07371794871794872 0.10084033613445378
