11 0.21079088471849863 0.26327648166105755 0.10723860589812331 0.11522445952883467
11 0.44470509383378015 0.2860932063202327 0.08310991957104562 0.09012606240374194
11 0.6856568364611261 0.2649877360104957 0.10656836461126006 0.11636529576179337
11 0.9195710455764075 0.284952370087274 0.0837801608579089 0.08556271747190689
11 0.9272788203753352 0.7395756089213393 0.08445040214477217 0.08898522617078318
11 0.6789544235924933 0.6397524385374479 0.2995978552278822 0.4757287091438024
11 0.45241286863270774 0.7412868632707773 0.08512064343163538 0.09468940733557699
11 0.12902144772117963 0.6021048428498088 0.06568364611260055 0.07415435514231937
11 0.23827077747989275 0.5627459928127317 0.06836461126005361 0.07985853630711306
11 0.3083109919571046 0.7612514973475556 0.07171581769437001 0.08214020877303059
11 0.2064343163538874 0.719610974844561 0.07171581769436998 0.08099937254007183
11 0.09684986595174262 0.773800695910102 0.06702412868632708 0.07985853630711306
0 0.26776139410187666 0.4914437282528093 0.45710455764075064 0.9731333067138213
0 0.7422922252010724 0.48973247390337116 0.4571045576407508 0.9628657806171924
