0 0.13425925925925927 0.22361111111111112 0.26666666666666666 0.3
10 0.06574074074074074 0.22777777777777777 0.07407407407407407 0.1638888888888889
3 0.3296296296296296 0.22361111111111112 0.13148148148148148 0.13333333333333333
3 0.5888888888888889 0.2222222222222222 0.13148148148148148 0.13055555555555556
3 0.3296296296296296 0.5625 0.13148148148148148 0.13333333333333333
2 0.3314814814814815 0.39305555555555555 0.03148148148148148 0.20555555555555555
2 0.4587962962962963 0.2263888888888889 0.12314814814814815 0.044444444444444446
2 0.47314814814814815 0.39861111111111114 0.18518518518518517 0.2222222222222222
10 0.8435185185185186 0.23472222222222222 0.0962962962962963 0.12777777777777777
10 0.33055555555555555 0.7555555555555555 0.0962962962962963 0.13055555555555556
0 0.3314814814814815 0.7805555555555556 0.1685185185185185 0.30833333333333335
10 0.7861111111111111 0.22361111111111112 0.26666666666666666 0.3
