10 0.1543026706231454 0.2751196172248804 0.10534124629080119 0.3062200956937799
10 0.15504451038575667 0.8110047846889952 0.10682492581602374 0.3062200956937799
7 0.314540059347181 0.2727272727272727 0.13798219584569732 0.22488038277511962
7 0.314540059347181 0.7751196172248804 0.13798219584569732 0.215311004784689
7 0.6832344213649851 0.2751196172248804 0.13649851632047477 0.22009569377990432
7 0.6832344213649851 0.7751196172248804 0.13649851632047477 0.215311004784689
10 0.8590504451038575 0.2751196172248804 0.10534124629080119 0.3062200956937799
10 0.8583086053412463 0.8133971291866029 0.10682492581602374 0.31100478468899523
0 0.20178384898638876 0.5459671907040329 0.39793577161172855 0.8984962406015037
0 0.798916005571368 0.5449907235621522 0.39920062980681886 0.900449174885265
