2 0.501207729468599 0.8066770186335404 0.35748792270531404 0.22256728778467924
10 0.05 0.2515527950310559 0.08115942028985507 0.2981366459627329
10 0.05 0.7763975155279503 0.08115942028985507 0.30434782608695654
7 0.16014492753623188 0.2857142857142857 0.10144927536231885 0.21739130434782608
7 0.16014492753623188 0.8074534161490683 0.10144927536231885 0.21739130434782608
7 0.8369565217391305 0.2857142857142857 0.10144927536231885 0.21739130434782608
7 0.8369565217391305 0.8074534161490683 0.10144927536231885 0.21739130434782608
10 0.9514492753623188 0.2515527950310559 0.08115942028985507 0.2981366459627329
10 0.9514492753623188 0.7795031055900621 0.08115942028985507 0.3105590062111801
3 0.29492753623188406 0.8291925465838509 0.07536231884057971 0.2111801242236025
3 0.7144927536231884 0.8291925465838509 0.07391304347826087 0.2111801242236025
0 0.17344303805451494 0.4952122153209109 0.3415197209924194 0.9904244306418218
0 0.8304748025156276 0.5029761904761905 0.33244718957231795 0.981625258799172
10 0.9514492753623188 0.2515527950310559 0.08115942028985507 0.2981366459627329
