0 0.14971264367816092 0.7437888198757764 0.2931034482758621 0.5
0 0.125 0.29751552795031055 0.24856321839080459 0.5888198757763975
0 0.5014367816091954 0.7437888198757764 0.29454022988505746 0.5
0 0.8523706896551724 0.7468944099378882 0.29238505747126436 0.4937888198757764
0 0.7543103448275862 0.2950310559006211 0.24856321839080459 0.5838509316770186
0 0.40086206896551724 0.2981366459627329 0.24856321839080459 0.5900621118012422
10 0.03879310344827586 0.7391304347826086 0.05028735632183908 0.19254658385093168
3 0.3218390804597701 0.7360248447204969 0.07327586206896551 0.2111801242236025
3 0.6738505747126436 0.7360248447204969 0.07327586206896551 0.2111801242236025
10 0.9576149425287356 0.7391304347826086 0.04885057471264368 0.19254658385093168
