0 0.16260744985673353 0.35135135135135137 0.3237822349570201 0.43783783783783786
10 0.04799426934097421 0.3918918918918919 0.04871060171919771 0.17297297297297298
7 0.1833810888252149 0.4 0.1017191977077364 0.1891891891891892
3 0.33882521489971346 0.3945945945945946 0.07449856733524356 0.1783783783783784
0 0.501432664756447 0.35405405405405405 0.29369627507163326 0.43243243243243246
3 0.6626074498567335 0.3972972972972973 0.07449856733524356 0.1837837837837838
0 0.8377507163323782 0.35135135135135137 0.3216332378223496 0.43783783783783786
7 0.8180515759312321 0.4027027027027027 0.1017191977077364 0.1945945945945946
10 0.9534383954154728 0.3918918918918919 0.04871060171919771 0.17297297297297298
2 0.5005552964172275 0.3983867588518752 0.24599631283178963 0.10894615545778333
