0 0.16260744985673353 0.275 0.3237822349570201 0.3375
0 0.501432664756447 0.275 0.29369627507163326 0.3375
0 0.8377507163323782 0.27291666666666664 0.3216332378223496 0.3416666666666667
3 0.66189111747851 0.30625 0.07306590257879657 0.14166666666666666
3 0.33882521489971346 0.30625 0.07449856733524356 0.14166666666666666
7 0.1833810888252149 0.30833333333333335 0.1017191977077364 0.14583333333333334
7 0.8173352435530086 0.3104166666666667 0.10028653295128939 0.15
10 0.04799426934097421 0.3020833333333333 0.04871060171919771 0.13333333333333333
10 0.9527220630372493 0.3020833333333333 0.050143266475644696 0.13333333333333333
0 0.501432664756447 0.30833333333333335 0.055873925501432664 0.1125
