0 0.5153733528550513 0.42914438502673796 0.4084919472913616 0.8449197860962567
0 0.20863836017569545 0.23663101604278075 0.13177159590043924 0.21390374331550802
0 0.06661786237188873 0.4572192513368984 0.13177159590043924 0.21657754010695188
0 0.20863836017569545 0.6885026737967914 0.13177159590043924 0.21390374331550802
0 0.8162518301610542 0.1537433155080214 0.13177159590043924 0.21390374331550802
0 0.9337481698389458 0.3342245989304813 0.1295754026354319 0.21657754010695188
0 0.8074670571010248 0.5280748663101604 0.13177159590043924 0.21390374331550802
2 0.7276720351390923 0.7272727272727273 0.09809663250366032 0.034759358288770054
2 0.7013177159590044 0.8008021390374331 0.06881405563689605 0.06417112299465241
2 0.6698389458272328 0.8663101604278075 0.0527086383601757 0.10427807486631016
8 0.7986822840409956 0.7299465240641712 0.02635431918008785 0.08288770053475936
8 0.7547584187408491 0.839572192513369 0.02635431918008785 0.08288770053475936
8 0.7071742313323572 0.9565508021390374 0.024890190336749635 0.08155080213903744
6 0.20571010248901903 0.23663101604278075 0.0527086383601757 0.1443850267379679
6 0.06442166910688141 0.4585561497326203 0.05417276720351391 0.1443850267379679
6 0.20571010248901903 0.6911764705882353 0.0527086383601757 0.1443850267379679
6 0.8184480234260615 0.15641711229946523 0.09224011713030747 0.12299465240641712
6 0.9370424597364568 0.3355614973262032 0.09224011713030747 0.12299465240641712
6 0.8111273792093704 0.5307486631016043 0.09224011713030747 0.12299465240641712
