3 0.15333333333333332 0.649025069637883 0.085 0.09749303621169916
3 0.8883333333333333 0.7493036211699164 0.085 0.09749303621169916
0 0.8925 0.06824512534818941 0.21 0.13370473537604458
0 0.8933333333333333 0.9338440111420613 0.20833333333333334 0.12674094707520892
11 0.8883333333333333 0.5403899721448467 0.08833333333333333 0.16434540389972144
11 0.9 0.2994428969359331 0.10166666666666667 0.17270194986072424
10 0.05583333333333333 0.6002785515320335 0.056666666666666664 0.06685236768802229
10 0.056666666666666664 0.692200557103064 0.058333333333333334 0.08913649025069638
11 0.2725 0.6518105849582173 0.06 0.036211699164345405
8 0.27 0.31197771587743733 0.058333333333333334 0.06963788300835655
7 0.37333333333333335 0.3161559888579387 0.051666666666666666 0.10584958217270195
7 0.3725 0.6476323119777159 0.05 0.10584958217270195
