3 0.8810810810810811 0.6368421052631579 0.0918918918918919 0.11929824561403508
3 0.16576576576576577 0.5456140350877193 0.0918918918918919 0.11929824561403508
8 0.2747747747747748 0.12456140350877193 0.0936936936936937 0.14035087719298245
7 0.4027027027027027 0.12631578947368421 0.05405405405405406 0.12982456140350876
7 0.4027027027027027 0.5421052631578948 0.05405405405405406 0.13333333333333333
11 0.2936936936936937 0.5491228070175439 0.06306306306306306 0.04912280701754386
3 0.8801801801801802 0.4070175438596491 0.0936936936936937 0.18596491228070175
10 0.05945945945945946 0.4807017543859649 0.05945945945945946 0.08070175438596491
10 0.05945945945945946 0.5771929824561404 0.03783783783783784 0.056140350877192984
0 0.8860360360360361 0.9166666666666666 0.22432432432432434 0.15964912280701754
11 0.8810810810810811 0.13508771929824562 0.11351351351351352 0.1543859649122807
