10 0.13736263736263737 0.09639830508474577 0.09340659340659341 0.09745762711864407
10 0.1804029304029304 0.9088983050847458 0.09523809523809523 0.09957627118644068
3 0.15018315018315018 0.7192796610169492 0.13003663003663005 0.1016949152542373
3 0.15018315018315018 0.4883474576271186 0.13003663003663005 0.1016949152542373
3 0.15018315018315018 0.2680084745762712 0.13003663003663005 0.1016949152542373
0 0.15567765567765568 0.6059322033898306 0.07509157509157509 0.048728813559322036
2 0.15018315018315018 0.3771186440677966 0.023809523809523808 0.11652542372881355
0 0.6048534798534798 0.034957627118644065 0.7866300366300366 0.06779661016949153
0 0.6085164835164835 0.2552966101694915 0.7793040293040293 0.0635593220338983
0 0.6121794871794872 0.4801377118644068 0.771978021978022 0.06620762711864407
0 0.6085164835164835 0.7055084745762712 0.7793040293040293 0.06567796610169492
