0 0.5007299270072992 0.3018867924528302 0.38394160583941606 0.3660377358490566
0 0.5007299270072992 0.6962264150943396 0.38394160583941606 0.3622641509433962
0 0.885036496350365 0.1830188679245283 0.227007299270073 0.19622641509433963
0 0.885036496350365 0.8132075471698114 0.227007299270073 0.21132075471698114
0 0.11605839416058394 0.5018867924528302 0.23065693430656933 0.2528301886792453
7 0.0948905109489051 0.5 0.10364963503649635 0.12830188679245283
7 0.9065693430656935 0.17358490566037735 0.10364963503649635 0.1320754716981132
7 0.9124087591240876 0.7981132075471699 0.10364963503649635 0.12830188679245283
3 0.27007299270072993 0.5 0.10364963503649635 0.1811320754716981
3 0.7313868613138687 0.18867924528301888 0.10364963503649635 0.17735849056603772
3 0.7306569343065693 0.8245283018867925 0.10510948905109489 0.1811320754716981
2 0.5069661083684163 0.33011038910201207 0.34709392131326283 0.2849761215063023
2 0.5003028742768877 0.7004227667736632 0.3616318866038707 0.29593674156423716
