3 0.401973026973027 0.43217363549313753 0.12237762237762242 0.10601431763257485
5 0.16096403596403594 0.43844329943915 0.07742257742257737 0.06383657835939995
11 0.6136363636363636 0.43274360494277503 0.11863136863136856 0.08891523414344991
11 0.37762237762237766 0.1859468332497378 0.11863136863136868 0.0900551730427249
6 0.3083166833166833 0.3016506315261502 0.11738261738261739 0.10943413433039985
6 0.4725274725274725 0.30393050932470017 0.11613386613386609 0.11171401212894984
0 0.3782467532467532 0.0970315991062879 0.2172827172827173 0.04901737266882495
0 0.24525474525474525 0.1819570471022753 0.151098901098901 0.05471706716519996
0 0.1634615384615385 0.4891705804568875 0.2172827172827173 0.04901737266882491
0 0.4025974025974027 0.5210888696365875 0.21603396603396602 0.06953627285577502
0 0.6123876123876123 0.5045597555971 0.14860139860139854 0.05699694496374995
0 0.8427822177822177 0.43388354384205 0.2172827172827172 0.050157311568099945
0 0.5012487512487512 0.2970908759290502 0.9602897102897103 0.5654096940403994
0 0.49937562437562427 0.7838447859194747 0.959040959040959 0.38985910355204956
6 0.2446303696303696 0.7097487574665998 0.1223776223776223 0.11855364552459993
6 0.4275724275724276 0.7068989102184123 0.12112887112887114 0.11969358442387486
11 0.6148851148851148 0.7296976882039123 0.11863136863136868 0.09461492863982482
11 0.6155094905094906 0.8653504172176372 0.1223776223776223 0.09461492863982494
0 0.6105144855144855 0.6607313847977748 0.1523476523476523 0.05243718936664991
0 0.8471528471528471 0.7285577493046372 0.2210289710289712 0.05129725046737487
0 0.8471528471528471 0.8682002644658248 0.21603396603396602 0.04331767817244995
0 0.6142607392607392 0.9348866900734121 0.14485514485514478 0.05129725046737499
0 0.4025974025974027 0.9234873010806621 0.21603396603396602 0.07181615065432498
3 0.40322177822177824 0.8357120058364872 0.11988011988011997 0.10145456203547494
5 0.16221278721278723 0.8397017919839497 0.07242757242757246 0.06611645615794991
0 0.16471028971028973 0.891569011900962 0.21978021978021978 0.04901737266882503
