5 0.36833333333333335 0.26055555555555554 0.10777777777777778 0.10333333333333333
5 0.52 0.06888888888888889 0.10222222222222223 0.09333333333333334
11 0.735 0.9122222222222223 0.10777777777777778 0.09111111111111111
3 0.6238888888888889 0.22055555555555556 0.09666666666666666 0.08555555555555555
3 0.1738888888888889 0.5133333333333333 0.10555555555555556 0.08888888888888889
5 0.42444444444444446 0.7877777777777778 0.10222222222222223 0.09111111111111111
11 0.6977777777777778 0.43166666666666664 0.10666666666666667 0.10777777777777778
3 0.35944444444444446 0.43555555555555553 0.09888888888888889 0.1111111111111111
7 0.8855555555555555 0.9055555555555556 0.08888888888888889 0.08888888888888889
7 0.30666666666666664 0.8944444444444445 0.1 0.08444444444444445
0 0.7816666666666666 0.1461111111111111 0.17222222222222222 0.22555555555555556
0 0.35833333333333334 0.44222222222222224 0.1811111111111111 0.20222222222222222
0 0.29 0.7194444444444444 0.2288888888888889 0.22333333333333333
