3 0.9144444444444444 0.5127777777777778 0.10444444444444445 0.10111111111111111
3 0.6333333333333333 0.19722222222222222 0.08888888888888889 0.09222222222222222
7 0.4627777777777778 0.10111111111111111 0.10555555555555556 0.10444444444444445
5 0.3388888888888889 0.7111111111111111 0.09777777777777778 0.1
7 0.5683333333333334 0.8516666666666667 0.09222222222222222 0.09
7 0.8761111111111111 0.8311111111111111 0.09222222222222222 0.08
7 0.6594444444444445 0.6844444444444444 0.10111111111111111 0.1111111111111111
3 0.11722222222222223 0.2683333333333333 0.10333333333333333 0.09444444444444444
7 0.9333333333333333 0.24555555555555555 0.08888888888888889 0.10666666666666667
11 0.3616666666666667 0.33166666666666667 0.09444444444444444 0.10111111111111111
7 0.43777777777777777 0.5033333333333333 0.08888888888888889 0.1
0 0.4988888888888889 0.5361111111111111 0.18 0.2677777777777778
0 0.2638888888888889 0.215 0.31 0.2388888888888889
0 0.765 0.6438888888888888 0.31 0.2833333333333333
