3 0.6911111111111111 0.13055555555555556 0.1 0.08777777777777777
7 0.7322222222222222 0.5194444444444445 0.1 0.11
3 0.8027777777777778 0.8427777777777777 0.09444444444444444 0.09666666666666666
11 0.4716666666666667 0.3561111111111111 0.10777777777777778 0.10555555555555556
5 0.24055555555555555 0.04722222222222222 0.10333333333333333 0.09
7 0.3372222222222222 0.6088888888888889 0.09 0.10222222222222223
3 0.30444444444444446 0.3416666666666667 0.10222222222222223 0.09
3 0.28833333333333333 0.8194444444444444 0.09444444444444444 0.07888888888888888
7 0.07722222222222222 0.6961111111111111 0.10777777777777778 0.10555555555555556
0 0.27555555555555555 0.7205555555555555 0.3244444444444444 0.33
0 0.43666666666666665 0.2461111111111111 0.17777777777777778 0.4722222222222222
