11 0.36277777777777775 0.27 0.09666666666666666 0.10444444444444445
3 0.08944444444444444 0.5788888888888889 0.10333333333333333 0.10888888888888888
3 0.5911111111111111 0.7083333333333334 0.1111111111111111 0.07
7 0.9144444444444444 0.265 0.09333333333333334 0.09888888888888889
11 0.9327777777777778 0.6188888888888889 0.09666666666666666 0.10222222222222223
5 0.16722222222222222 0.41888888888888887 0.052222222222222225 0.10888888888888888
11 0.72 0.12611111111111112 0.09111111111111111 0.09666666666666666
11 0.915 0.8688888888888889 0.10777777777777778 0.10666666666666667
7 0.3211111111111111 0.7677777777777778 0.1111111111111111 0.09111111111111111
7 0.15333333333333332 0.8933333333333333 0.10666666666666667 0.10222222222222223
11 0.13944444444444445 0.2388888888888889 0.10777777777777778 0.09111111111111111
5 0.1938888888888889 0.06055555555555556 0.09222222222222222 0.10777777777777778
11 0.6566666666666666 0.8844444444444445 0.10444444444444445 0.1111111111111111
0 0.8538888888888889 0.565 0.2411111111111111 0.17
0 0.39055555555555554 0.2411111111111111 0.3433333333333333 0.47333333333333333
