11 0.14 0.5605555555555556 0.09333333333333334 0.09444444444444444
7 0.265 0.7066666666666667 0.11 0.10666666666666667
7 0.5005555555555555 0.5772222222222222 0.09666666666666666 0.09888888888888889
7 0.8911111111111111 0.7322222222222222 0.08888888888888889 0.10666666666666667
5 0.36777777777777776 0.18833333333333332 0.10888888888888888 0.10333333333333333
11 0.5 0.3522222222222222 0.08444444444444445 0.1
7 0.051666666666666666 0.1461111111111111 0.09666666666666666 0.08333333333333333
6 0.6644444444444444 0.5772222222222222 0.10888888888888888 0.09666666666666666
11 0.16555555555555557 0.28444444444444444 0.1111111111111111 0.08888888888888889
3 0.65 0.8344444444444444 0.09111111111111111 0.09777777777777778
3 0.7638888888888888 0.275 0.10777777777777778 0.10555555555555556
5 0.30666666666666664 0.42 0.10444444444444445 0.09333333333333334
0 0.24333333333333335 0.8694444444444445 0.2733333333333333 0.25666666666666665
0 0.83 0.2361111111111111 0.26 0.2544444444444444
0 0.4577777777777778 0.3383333333333333 0.18666666666666668 0.3277777777777778
