3 0.4083333333333333 0.14833333333333334 0.10777777777777778 0.08333333333333333
7 0.835 0.8927777777777778 0.10555555555555556 0.09
9 0.8861111111111111 0.6005555555555555 0.10111111111111111 0.09444444444444444
7 0.13666666666666666 0.32222222222222224 0.08222222222222222 0.10666666666666667
7 0.8166666666666667 0.44222222222222224 0.09555555555555556 0.1
4 0.37722222222222224 0.9377777777777778 0.09444444444444444 0.1
5 0.7566666666666667 0.2477777777777778 0.09111111111111111 0.1111111111111111
7 0.24 0.7038888888888889 0.10888888888888888 0.10333333333333333
3 0.08777777777777777 0.5227777777777778 0.08888888888888889 0.10333333333333333
3 0.625 0.7322222222222222 0.10333333333333333 0.10222222222222223
0 0.2833333333333333 0.895 0.25333333333333335 0.17444444444444446
0 0.3988888888888889 0.11333333333333333 0.26 0.18444444444444444
0 0.7133333333333334 0.49944444444444447 0.26 0.21
