11 0.16833333333333333 0.7555555555555555 0.09444444444444444 0.10222222222222223
7 0.8155555555555556 0.17888888888888888 0.08888888888888889 0.10666666666666667
7 0.6483333333333333 0.41944444444444445 0.10333333333333333 0.09
5 0.4688888888888889 0.5194444444444445 0.10666666666666667 0.10333333333333333
8 0.08 0.2338888888888889 0.09111111111111111 0.11
7 0.9377777777777778 0.6366666666666667 0.1111111111111111 0.10888888888888888
5 0.33111111111111113 0.6538888888888889 0.07111111111111111 0.07
3 0.4077777777777778 0.3527777777777778 0.08888888888888889 0.09444444444444444
7 0.7883333333333333 0.7111111111111111 0.10555555555555556 0.07555555555555556
7 0.23277777777777778 0.07722222222222222 0.10555555555555556 0.09222222222222222
0 0.4127777777777778 0.31166666666666665 0.18555555555555556 0.31
0 0.6716666666666666 0.29888888888888887 0.18555555555555556 0.1711111111111111
0 0.19555555555555557 0.1622222222222222 0.25333333333333335 0.18888888888888888
