11 0.8861111111111111 0.2511111111111111 0.11 0.10444444444444445
7 0.27111111111111114 0.6944444444444444 0.10888888888888888 0.09777777777777778
7 0.305 0.3572222222222222 0.10777777777777778 0.09444444444444444
11 0.8511111111111112 0.48833333333333334 0.10888888888888888 0.11
11 0.5794444444444444 0.29777777777777775 0.09888888888888889 0.09555555555555556
7 0.09 0.21611111111111111 0.10444444444444445 0.09888888888888889
5 0.3938888888888889 0.22444444444444445 0.09888888888888889 0.10888888888888888
11 0.6638888888888889 0.91 0.09666666666666666 0.1111111111111111
5 0.6061111111111112 0.6188888888888889 0.08555555555555555 0.1111111111111111
5 0.3338888888888889 0.5172222222222222 0.09222222222222222 0.10777777777777778
0 0.4905555555555556 0.6211111111111111 0.2966666666666667 0.35777777777777775
