3 0.49333333333333335 0.7605555555555555 0.10444444444444445 0.08333333333333333
5 0.056666666666666664 0.42777777777777776 0.10222222222222223 0.09111111111111111
6 0.7038888888888889 0.8166666666666667 0.10333333333333333 0.08888888888888889
11 0.6855555555555556 0.36277777777777775 0.10888888888888888 0.09888888888888889
7 0.7966666666666666 0.06555555555555556 0.1 0.10222222222222223
7 0.3461111111111111 0.3838888888888889 0.09666666666666666 0.10555555555555556
5 0.8611111111111112 0.28555555555555556 0.08888888888888889 0.10222222222222223
7 0.15555555555555556 0.5827777777777777 0.09555555555555556 0.10111111111111111
11 0.7827777777777778 0.6711111111111111 0.11 0.09777777777777778
7 0.32055555555555554 0.6761111111111111 0.09666666666666666 0.09666666666666666
7 0.17777777777777778 0.2111111111111111 0.09555555555555556 0.1111111111111111
7 0.4955555555555556 0.9361111111111111 0.10222222222222223 0.10555555555555556
0 0.4572222222222222 0.455 0.1811111111111111 0.7166666666666667
