11 0.5638888888888889 0.46944444444444444 0.10555555555555556 0.06777777777777778
7 0.1388888888888889 0.4716666666666667 0.10666666666666667 0.09666666666666666
3 0.7855555555555556 0.585 0.10888888888888888 0.09222222222222222
5 0.4011111111111111 0.4527777777777778 0.09333333333333334 0.10555555555555556
7 0.9166666666666666 0.8566666666666667 0.10666666666666667 0.09111111111111111
10 0.3738888888888889 0.8172222222222222 0.11 0.08555555555555555
11 0.2688888888888889 0.5577777777777778 0.09333333333333334 0.10222222222222223
11 0.57 0.31444444444444447 0.1111111111111111 0.09111111111111111
3 0.23 0.9227777777777778 0.1111111111111111 0.08333333333333333
5 0.6227777777777778 0.79 0.10555555555555556 0.09555555555555556
5 0.15777777777777777 0.2544444444444444 0.1 0.10444444444444445
7 0.24666666666666667 0.07277777777777777 0.10444444444444445 0.09444444444444444
0 0.2633333333333333 0.3427777777777778 0.3288888888888889 0.25222222222222224
0 0.8216666666666667 0.7972222222222223 0.22333333333333333 0.2011111111111111
0 0.4122222222222222 0.7844444444444445 0.2866666666666667 0.3088888888888889
