5 0.1238888888888889 0.7605555555555555 0.10111111111111111 0.09222222222222222
7 0.46444444444444444 0.33611111111111114 0.1 0.10777777777777778
3 0.5661111111111111 0.82 0.07666666666666666 0.08888888888888889
3 0.8116666666666666 0.2238888888888889 0.10555555555555556 0.08777777777777777
11 0.9238888888888889 0.9061111111111111 0.09444444444444444 0.10333333333333333
3 0.275 0.49944444444444447 0.09888888888888889 0.11
3 0.39111111111111113 0.6183333333333333 0.10444444444444445 0.10333333333333333
7 0.42444444444444446 0.7955555555555556 0.10666666666666667 0.10222222222222223
7 0.2038888888888889 0.25277777777777777 0.10777777777777778 0.11
7 0.5883333333333334 0.43666666666666665 0.10555555555555556 0.09111111111111111
5 0.08 0.5533333333333333 0.10444444444444445 0.10444444444444445
11 0.7744444444444445 0.5438888888888889 0.09111111111111111 0.09444444444444444
