7 0.09111111111111111 0.9044444444444445 0.09555555555555556 0.10888888888888888
7 0.5361111111111111 0.25 0.09222222222222222 0.09111111111111111
7 0.5494444444444444 0.8583333333333333 0.10555555555555556 0.11
3 0.9033333333333333 0.8305555555555556 0.08888888888888889 0.09
3 0.9294444444444444 0.3522222222222222 0.09666666666666666 0.09777777777777778
7 0.6744444444444444 0.7 0.10444444444444445 0.10444444444444445
7 0.3861111111111111 0.49777777777777776 0.10555555555555556 0.09777777777777778
6 0.2588888888888889 0.6883333333333334 0.08888888888888889 0.10111111111111111
11 0.39 0.9194444444444444 0.1111111111111111 0.09666666666666666
5 0.24388888888888888 0.37555555555555553 0.11 0.1
0 0.48333333333333334 0.6911111111111111 0.4866666666666667 0.38
0 0.44055555555555553 0.17555555555555555 0.2922222222222222 0.22666666666666666
