5 0.7494444444444445 0.5372222222222223 0.10555555555555556 0.10111111111111111
7 0.23333333333333334 0.11055555555555556 0.10444444444444445 0.09
8 0.2427777777777778 0.5166666666666667 0.10111111111111111 0.09111111111111111
7 0.8644444444444445 0.7172222222222222 0.10666666666666667 0.11
10 0.7355555555555555 0.24055555555555555 0.1 0.09444444444444444
7 0.15833333333333333 0.32944444444444443 0.09666666666666666 0.09666666666666666
7 0.205 0.6877777777777778 0.09888888888888889 0.08888888888888889
5 0.5427777777777778 0.1938888888888889 0.10555555555555556 0.10333333333333333
3 0.6511111111111111 0.7544444444444445 0.1111111111111111 0.09555555555555556
11 0.42388888888888887 0.6516666666666666 0.09444444444444444 0.10111111111111111
7 0.6072222222222222 0.3672222222222222 0.09888888888888889 0.06555555555555556
7 0.115 0.8366666666666667 0.11 0.1111111111111111
0 0.24333333333333335 0.7661111111111111 0.19333333333333333 0.21666666666666667
0 0.7338888888888889 0.8427777777777777 0.26555555555555554 0.22555555555555556
0 0.5933333333333334 0.31222222222222223 0.2777777777777778 0.3333333333333333
