7 0.19555555555555557 0.8266666666666667 0.09555555555555556 0.1
7 0.14833333333333334 0.28444444444444444 0.09222222222222222 0.09333333333333334
7 0.8222222222222222 0.6422222222222222 0.07111111111111111 0.10666666666666667
7 0.765 0.31777777777777777 0.09222222222222222 0.10666666666666667
7 0.35 0.08166666666666667 0.10444444444444445 0.10111111111111111
11 0.9244444444444444 0.8983333333333333 0.08888888888888889 0.10111111111111111
3 0.7988888888888889 0.07388888888888889 0.10888888888888888 0.10777777777777778
7 0.38166666666666665 0.7461111111111111 0.09444444444444444 0.07666666666666666
11 0.71 0.5405555555555556 0.1111111111111111 0.09666666666666666
5 0.6211111111111111 0.6772222222222222 0.09333333333333334 0.09444444444444444
3 0.5866666666666667 0.2877777777777778 0.1111111111111111 0.1
7 0.10166666666666667 0.475 0.09666666666666666 0.10333333333333333
0 0.7988888888888889 0.31555555555555553 0.19333333333333333 0.30666666666666664
0 0.4777777777777778 0.7727777777777778 0.17777777777777778 0.20777777777777778
0 0.5916666666666667 0.3983333333333333 0.22111111111111112 0.19666666666666666
