3 0.2627777777777778 0.20222222222222222 0.09 0.1111111111111111
4 0.21666666666666667 0.6894444444444444 0.09111111111111111 0.09222222222222222
3 0.7116666666666667 0.34555555555555556 0.09 0.08222222222222222
7 0.8122222222222222 0.8027777777777778 0.08444444444444445 0.056666666666666664
5 0.3988888888888889 0.8927777777777778 0.09333333333333334 0.09222222222222222
11 0.375 0.5322222222222223 0.10111111111111111 0.09333333333333334
11 0.18722222222222223 0.4661111111111111 0.09222222222222222 0.11
11 0.3427777777777778 0.37833333333333335 0.09222222222222222 0.10777777777777778
7 0.8072222222222222 0.5483333333333333 0.10555555555555556 0.09222222222222222
11 0.44 0.23055555555555557 0.10666666666666667 0.10777777777777778
3 0.9377777777777778 0.9344444444444444 0.1111111111111111 0.1
0 0.6466666666666666 0.5938888888888889 0.30666666666666664 0.19
0 0.16666666666666666 0.5122222222222222 0.2 0.21777777777777776
0 0.8366666666666667 0.2816666666666667 0.17777777777777778 0.21222222222222223
