5 0.7605555555555555 0.7194444444444444 0.09888888888888889 0.10555555555555556
5 0.15777777777777777 0.8155555555555556 0.09111111111111111 0.08888888888888889
7 0.15777777777777777 0.45944444444444443 0.1 0.09
5 0.5188888888888888 0.2761111111111111 0.09777777777777778 0.09666666666666666
1 0.7316666666666667 0.17 0.10777777777777778 0.09555555555555556
7 0.5361111111111111 0.595 0.10555555555555556 0.09444444444444444
5 0.26555555555555554 0.6177777777777778 0.09777777777777778 0.10888888888888888
7 0.26555555555555554 0.29833333333333334 0.09111111111111111 0.10111111111111111
3 0.7711111111111111 0.46444444444444444 0.10888888888888888 0.08444444444444445
7 0.41833333333333333 0.8977777777777778 0.11 0.08888888888888889
5 0.9372222222222222 0.6505555555555556 0.09888888888888889 0.09888888888888889
