5 0.6533333333333333 0.37222222222222223 0.06222222222222222 0.08444444444444445
5 0.505 0.3283333333333333 0.10333333333333333 0.10555555555555556
11 0.6294444444444445 0.9144444444444444 0.11 0.10222222222222223
11 0.155 0.29055555555555557 0.10555555555555556 0.10333333333333333
7 0.36277777777777775 0.735 0.10111111111111111 0.09
7 0.46444444444444444 0.9094444444444445 0.10222222222222223 0.10777777777777778
5 0.7711111111111111 0.6166666666666667 0.1 0.10666666666666667
3 0.8366666666666667 0.15055555555555555 0.10666666666666667 0.09
5 0.12111111111111111 0.8611111111111112 0.09555555555555556 0.1111111111111111
7 0.3244444444444444 0.25277777777777777 0.09111111111111111 0.10555555555555556
11 0.6044444444444445 0.5638888888888889 0.1111111111111111 0.10111111111111111
0 0.8405555555555555 0.1338888888888889 0.2588888888888889 0.18555555555555556
0 0.15777777777777777 0.3388888888888889 0.2777777777777778 0.2822222222222222
0 0.3472222222222222 0.8533333333333334 0.2833333333333333 0.21333333333333335
