5 0.5005555555555555 0.44222222222222224 0.09222222222222222 0.09555555555555556
7 0.25555555555555554 0.6266666666666667 0.09333333333333334 0.10222222222222223
6 0.051666666666666666 0.8733333333333333 0.10111111111111111 0.09333333333333334
11 0.6555555555555556 0.26166666666666666 0.09111111111111111 0.10555555555555556
11 0.6994444444444444 0.07777777777777778 0.10777777777777778 0.09777777777777778
5 0.8433333333333334 0.10777777777777778 0.04888888888888889 0.08444444444444445
3 0.06666666666666667 0.6638888888888889 0.1111111111111111 0.09222222222222222
7 0.8372222222222222 0.765 0.09444444444444444 0.09888888888888889
11 0.29444444444444445 0.9244444444444444 0.10888888888888888 0.1
3 0.4038888888888889 0.2361111111111111 0.09888888888888889 0.10777777777777778
