7 0.7488888888888889 0.05555555555555555 0.10222222222222223 0.08666666666666667
7 0.2733333333333333 0.33055555555555555 0.08888888888888889 0.10555555555555556
7 0.49444444444444446 0.5255555555555556 0.10888888888888888 0.09333333333333334
5 0.37166666666666665 0.7061111111111111 0.09666666666666666 0.11
7 0.18944444444444444 0.08055555555555556 0.11 0.09666666666666666
11 0.6605555555555556 0.7555555555555555 0.09888888888888889 0.1
7 0.8033333333333333 0.9194444444444444 0.1111111111111111 0.11
7 0.125 0.5522222222222222 0.09666666666666666 0.10444444444444445
3 0.4033333333333333 0.8683333333333333 0.10222222222222223 0.08333333333333333
3 0.11444444444444445 0.9083333333333333 0.09333333333333334 0.09222222222222222
7 0.6472222222222223 0.3572222222222222 0.09444444444444444 0.11
5 0.5305555555555556 0.1622222222222222 0.10555555555555556 0.10888888888888888
7 0.8994444444444445 0.6644444444444444 0.09888888888888889 0.1
