7 0.3111111111111111 0.6294444444444445 0.08888888888888889 0.09666666666666666
7 0.21 0.8605555555555555 0.10888888888888888 0.09222222222222222
11 0.06888888888888889 0.5316666666666666 0.09555555555555556 0.11
7 0.8833333333333333 0.25166666666666665 0.09111111111111111 0.09444444444444444
4 0.7172222222222222 0.6211111111111111 0.09 0.10888888888888888
5 0.55 0.11555555555555555 0.08 0.06222222222222222
7 0.9327777777777778 0.6227777777777778 0.11 0.09
5 0.042777777777777776 0.16 0.06333333333333334 0.1111111111111111
7 0.08166666666666667 0.3438888888888889 0.09666666666666666 0.10111111111111111
5 0.4272222222222222 0.5105555555555555 0.09 0.10111111111111111
0 0.6783333333333333 0.18833333333333332 0.2788888888888889 0.21666666666666667
0 0.7466666666666667 0.4688888888888889 0.2688888888888889 0.3244444444444444
0 0.4572222222222222 0.61 0.19666666666666666 0.2911111111111111
