11 0.6566666666666666 0.9361111111111111 0.1111111111111111 0.09444444444444444
11 0.24444444444444444 0.48055555555555557 0.10444444444444445 0.09
7 0.6394444444444445 0.45111111111111113 0.10555555555555556 0.09333333333333334
7 0.3527777777777778 0.7688888888888888 0.10777777777777778 0.1111111111111111
11 0.9316666666666666 0.26666666666666666 0.10555555555555556 0.09555555555555556
7 0.8816666666666667 0.565 0.09222222222222222 0.09666666666666666
7 0.7477777777777778 0.28888888888888886 0.09777777777777778 0.09777777777777778
11 0.41555555555555557 0.23944444444444443 0.10666666666666667 0.10333333333333333
3 0.8105555555555556 0.9016666666666666 0.10777777777777778 0.10555555555555556
5 0.6038888888888889 0.7155555555555555 0.06333333333333334 0.07111111111111111
7 0.045 0.32611111111111113 0.09 0.10111111111111111
11 0.1811111111111111 0.7288888888888889 0.10666666666666667 0.10888888888888888
2 0.17777777777777778 0.17722222222222223 0.1111111111111111 0.09888888888888889
0 0.27944444444444444 0.6005555555555555 0.22111111111111112 0.2588888888888889
0 0.8388888888888889 0.75 0.18 0.4822222222222222
