7 0.8372222222222222 0.12166666666666667 0.09666666666666666 0.10333333333333333
11 0.4638888888888889 0.555 0.09222222222222222 0.10555555555555556
8 0.9166666666666666 0.41 0.1111111111111111 0.09111111111111111
5 0.2538888888888889 0.135 0.10333333333333333 0.09888888888888889
5 0.8716666666666667 0.7733333333333333 0.10777777777777778 0.1111111111111111
7 0.9022222222222223 0.6005555555555555 0.10444444444444445 0.10333333333333333
7 0.32666666666666666 0.4388888888888889 0.1111111111111111 0.09555555555555556
7 0.07944444444444444 0.94 0.09444444444444444 0.1111111111111111
5 0.5883333333333334 0.8066666666666666 0.10111111111111111 0.10666666666666667
7 0.6338888888888888 0.4111111111111111 0.09 0.07555555555555556
11 0.14555555555555555 0.435 0.09555555555555556 0.10555555555555556
3 0.3977777777777778 0.8733333333333333 0.10444444444444445 0.09555555555555556
