5 0.6711111111111111 0.8377777777777777 0.08888888888888889 0.09555555555555556
5 0.3211111111111111 0.52 0.09333333333333334 0.09555555555555556
7 0.17055555555555554 0.7005555555555556 0.09 0.09888888888888889
11 0.6538888888888889 0.05722222222222222 0.10555555555555556 0.09444444444444444
11 0.5022222222222222 0.17277777777777778 0.10666666666666667 0.10111111111111111
7 0.8044444444444444 0.7277777777777777 0.1 0.09777777777777778
6 0.14444444444444443 0.09333333333333334 0.10222222222222223 0.10888888888888888
3 0.13166666666666665 0.2477777777777778 0.07222222222222222 0.07333333333333333
7 0.4711111111111111 0.8522222222222222 0.10666666666666667 0.09333333333333334
0 0.46555555555555556 0.5166666666666667 0.26666666666666666 0.18222222222222223
0 0.22444444444444445 0.9022222222222223 0.1688888888888889 0.18666666666666668
0 0.8033333333333333 0.43666666666666665 0.2733333333333333 0.17777777777777778
