7 0.5983333333333334 0.8283333333333334 0.10555555555555556 0.10777777777777778
5 0.8744444444444445 0.5477777777777778 0.06444444444444444 0.06
3 0.20722222222222222 0.6583333333333333 0.09888888888888889 0.09222222222222222
5 0.7866666666666666 0.14666666666666667 0.10444444444444445 0.1111111111111111
7 0.30722222222222223 0.47555555555555556 0.10111111111111111 0.09333333333333334
11 0.4388888888888889 0.2811111111111111 0.07777777777777778 0.1
7 0.7416666666666667 0.6855555555555556 0.10333333333333333 0.10666666666666667
5 0.10722222222222222 0.1272222222222222 0.09444444444444444 0.11
8 0.5872222222222222 0.1827777777777778 0.09222222222222222 0.10555555555555556
7 0.05388888888888889 0.83 0.09444444444444444 0.10888888888888888
0 0.5977777777777777 0.21666666666666667 0.3333333333333333 0.35555555555555557
