11 0.3283333333333333 0.2611111111111111 0.10111111111111111 0.10444444444444445
7 0.5655555555555556 0.07611111111111112 0.09333333333333334 0.09888888888888889
11 0.7227777777777777 0.12055555555555555 0.10555555555555556 0.09
3 0.6727777777777778 0.6044444444444445 0.09222222222222222 0.08888888888888889
11 0.28055555555555556 0.775 0.10555555555555556 0.10555555555555556
7 0.765 0.335 0.09 0.10333333333333333
7 0.39222222222222225 0.49666666666666665 0.10888888888888888 0.09111111111111111
5 0.5605555555555556 0.425 0.09222222222222222 0.09222222222222222
5 0.565 0.8516666666666667 0.10777777777777778 0.09888888888888889
5 0.8872222222222222 0.44 0.09222222222222222 0.09333333333333334
7 0.15388888888888888 0.24388888888888888 0.10333333333333333 0.09888888888888889
3 0.058333333333333334 0.5122222222222222 0.09444444444444444 0.08888888888888889
0 0.7605555555555555 0.43222222222222223 0.3522222222222222 0.35333333333333333
0 0.31166666666666665 0.7938888888888889 0.5011111111111111 0.37444444444444447
