5 0.3427777777777778 0.40166666666666667 0.10111111111111111 0.09222222222222222
3 0.7777777777777778 0.9355555555555556 0.08888888888888889 0.10888888888888888
6 0.5516666666666666 0.6616666666666666 0.09 0.09888888888888889
5 0.8077777777777778 0.5577777777777778 0.10888888888888888 0.10222222222222223
5 0.7883333333333333 0.285 0.10777777777777778 0.09888888888888889
7 0.94 0.6838888888888889 0.10444444444444445 0.09444444444444444
5 0.22666666666666666 0.6983333333333334 0.10222222222222223 0.0811111111111111
3 0.11166666666666666 0.5633333333333334 0.09444444444444444 0.1111111111111111
7 0.07555555555555556 0.2311111111111111 0.10222222222222223 0.10444444444444445
6 0.5122222222222222 0.39222222222222225 0.10888888888888888 0.10666666666666667
4 0.48777777777777775 0.8083333333333333 0.10888888888888888 0.11
0 0.6261111111111111 0.21833333333333332 0.44333333333333336 0.20555555555555555
0 0.3011111111111111 0.7794444444444445 0.2644444444444444 0.3322222222222222
