5 0.6416666666666667 0.32722222222222225 0.10555555555555556 0.09
7 0.3327777777777778 0.058333333333333334 0.09888888888888889 0.10555555555555556
11 0.32611111111111113 0.3433333333333333 0.10333333333333333 0.1111111111111111
5 0.12833333333333333 0.3194444444444444 0.09 0.10777777777777778
7 0.9166666666666666 0.4955555555555556 0.09777777777777778 0.10888888888888888
6 0.685 0.7516666666666667 0.09222222222222222 0.09222222222222222
3 0.05555555555555555 0.7227777777777777 0.10666666666666667 0.10555555555555556
3 0.5094444444444445 0.775 0.08777777777777777 0.09444444444444444
7 0.3338888888888889 0.88 0.11 0.09333333333333334
5 0.052222222222222225 0.5088888888888888 0.1 0.1111111111111111
3 0.10666666666666667 0.11611111111111111 0.09111111111111111 0.08555555555555555
7 0.79 0.245 0.1111111111111111 0.11
0 0.32666666666666666 0.4672222222222222 0.22 0.30777777777777776
0 0.6661111111111111 0.7161111111111111 0.2833333333333333 0.2788888888888889
0 0.12611111111111112 0.7838888888888889 0.2477777777777778 0.3211111111111111
