7 0.6888888888888889 0.475 0.09111111111111111 0.10111111111111111
5 0.5366666666666666 0.865 0.09111111111111111 0.09222222222222222
11 0.5072222222222222 0.24944444444444444 0.09222222222222222 0.10333333333333333
7 0.23055555555555557 0.7422222222222222 0.10555555555555556 0.08222222222222222
5 0.09222222222222222 0.2461111111111111 0.10444444444444445 0.10555555555555556
5 0.8805555555555555 0.525 0.10111111111111111 0.09
7 0.785 0.6633333333333333 0.11 0.1
7 0.86 0.16333333333333333 0.10222222222222223 0.10888888888888888
5 0.17666666666666667 0.455 0.1 0.10111111111111111
11 0.7044444444444444 0.20833333333333334 0.09555555555555556 0.11
0 0.5811111111111111 0.7016666666666667 0.3977777777777778 0.43666666666666665
0 0.6661111111111111 0.24166666666666667 0.49444444444444446 0.38555555555555554
