7 0.6238888888888889 0.17055555555555554 0.10777777777777778 0.09
7 0.8383333333333334 0.4572222222222222 0.11 0.09
5 0.8161111111111111 0.8722222222222222 0.09222222222222222 0.10666666666666667
11 0.3088888888888889 0.2916666666666667 0.09111111111111111 0.10111111111111111
7 0.26 0.47444444444444445 0.1111111111111111 0.10666666666666667
11 0.6338888888888888 0.6066666666666667 0.09 0.1
7 0.16277777777777777 0.7333333333333333 0.09888888888888889 0.1111111111111111
7 0.049444444444444444 0.5755555555555556 0.09888888888888889 0.09111111111111111
3 0.13055555555555556 0.2361111111111111 0.10111111111111111 0.09
11 0.46 0.1988888888888889 0.10444444444444445 0.09111111111111111
7 0.5766666666666667 0.8338888888888889 0.09777777777777778 0.10555555555555556
11 0.3411111111111111 0.6133333333333333 0.09333333333333334 0.09111111111111111
