7 0.345 0.3227777777777778 0.09 0.11
3 0.6555555555555556 0.7611111111111111 0.09333333333333334 0.044444444444444446
7 0.8811111111111111 0.5061111111111111 0.09333333333333334 0.09666666666666666
3 0.29 0.8061111111111111 0.10222222222222223 0.04777777777777778
3 0.10555555555555556 0.6372222222222222 0.10666666666666667 0.10111111111111111
7 0.5566666666666666 0.34444444444444444 0.08888888888888889 0.09333333333333334
7 0.6288888888888889 0.49944444444444447 0.1 0.10333333333333333
5 0.8927777777777778 0.12777777777777777 0.11 0.09555555555555556
7 0.7922222222222223 0.6388888888888888 0.09333333333333334 0.1
3 0.43833333333333335 0.7505555555555555 0.09 0.09
11 0.35 0.5344444444444445 0.10666666666666667 0.10222222222222223
7 0.6611111111111111 0.057777777777777775 0.10888888888888888 0.09555555555555556
