7 0.3188888888888889 0.07333333333333333 0.09555555555555556 0.09333333333333334
7 0.7777777777777778 0.585 0.09777777777777778 0.10111111111111111
7 0.8061111111111111 0.32222222222222224 0.09666666666666666 0.10444444444444445
11 0.5905555555555555 0.5466666666666666 0.10555555555555556 0.1
7 0.6427777777777778 0.2311111111111111 0.08555555555555555 0.1
3 0.06944444444444445 0.6766666666666666 0.07666666666666666 0.07555555555555556
7 0.2877777777777778 0.7488888888888889 0.08222222222222222 0.09777777777777778
7 0.7811111111111111 0.8744444444444445 0.09333333333333334 0.09111111111111111
7 0.05333333333333334 0.12666666666666668 0.1 0.09111111111111111
7 0.19777777777777777 0.25555555555555554 0.09111111111111111 0.10666666666666667
5 0.6366666666666667 0.7066666666666667 0.10666666666666667 0.1
3 0.45055555555555554 0.4216666666666667 0.10777777777777778 0.09222222222222222
7 0.06166666666666667 0.36666666666666664 0.09888888888888889 0.09555555555555556
