11 0.49444444444444446 0.37555555555555553 0.1 0.08888888888888889
11 0.9355555555555556 0.8238888888888889 0.09777777777777778 0.09222222222222222
7 0.09 0.40166666666666667 0.09333333333333334 0.09444444444444444
7 0.285 0.21222222222222223 0.09666666666666666 0.10888888888888888
7 0.8277777777777777 0.5961111111111111 0.10888888888888888 0.10333333333333333
5 0.6305555555555555 0.8155555555555556 0.10777777777777778 0.08888888888888889
11 0.7694444444444445 0.3038888888888889 0.10777777777777778 0.08777777777777777
7 0.17277777777777778 0.6922222222222222 0.09666666666666666 0.09333333333333334
5 0.28555555555555556 0.48277777777777775 0.10222222222222223 0.09666666666666666
11 0.38222222222222224 0.7938888888888889 0.09555555555555556 0.09444444444444444
7 0.9338888888888889 0.12333333333333334 0.09666666666666666 0.09777777777777778
11 0.43222222222222223 0.11722222222222223 0.10222222222222223 0.09
3 0.7538888888888889 0.1511111111111111 0.10333333333333333 0.10444444444444445
0 0.505 0.4033333333333333 0.9744444444444444 0.6977777777777778
