7 0.35833333333333334 0.4677777777777778 0.09 0.09555555555555556
5 0.8722222222222222 0.8377777777777777 0.08888888888888889 0.10888888888888888
7 0.6638888888888889 0.31333333333333335 0.10777777777777778 0.10666666666666667
11 0.8994444444444445 0.18666666666666668 0.09444444444444444 0.09555555555555556
11 0.21777777777777776 0.8172222222222222 0.08666666666666667 0.09
7 0.7305555555555555 0.4477777777777778 0.06333333333333334 0.10444444444444445
7 0.6344444444444445 0.5955555555555555 0.08888888888888889 0.09555555555555556
7 0.33111111111111113 0.3161111111111111 0.09555555555555556 0.10555555555555556
5 0.20333333333333334 0.10388888888888889 0.09555555555555556 0.09
5 0.40944444444444444 0.6522222222222223 0.10111111111111111 0.10888888888888888
9 0.6388888888888888 0.7744444444444445 0.10888888888888888 0.09555555555555556
0 0.49333333333333335 0.5388888888888889 0.9711111111111111 0.7288888888888889
