11 0.17555555555555555 0.8922222222222222 0.09333333333333334 0.09777777777777778
7 0.235 0.22611111111111112 0.10555555555555556 0.08777777777777777
5 0.5255555555555556 0.7266666666666667 0.10222222222222223 0.10444444444444445
7 0.2461111111111111 0.5233333333333333 0.10111111111111111 0.10222222222222223
7 0.7544444444444445 0.29833333333333334 0.1 0.09
5 0.36333333333333334 0.8394444444444444 0.08888888888888889 0.10333333333333333
3 0.15611111111111112 0.08444444444444445 0.10333333333333333 0.1
7 0.6644444444444444 0.835 0.10888888888888888 0.09444444444444444
11 0.5561111111111111 0.415 0.09 0.09
7 0.9155555555555556 0.10444444444444445 0.10888888888888888 0.10888888888888888
