7 0.2311111111111111 0.6033333333333334 0.09111111111111111 0.10222222222222223
5 0.9055555555555556 0.2916666666666667 0.09777777777777778 0.09888888888888889
5 0.051666666666666666 0.27444444444444444 0.09888888888888889 0.10888888888888888
11 0.775 0.09333333333333334 0.09444444444444444 0.09777777777777778
3 0.15611111111111112 0.9088888888888889 0.10555555555555556 0.09333333333333334
7 0.36666666666666664 0.7844444444444445 0.10888888888888888 0.1
7 0.8888888888888888 0.5822222222222222 0.09333333333333334 0.08666666666666667
7 0.5261111111111111 0.335 0.09444444444444444 0.10111111111111111
3 0.21944444444444444 0.07666666666666666 0.10555555555555556 0.09555555555555556
10 0.4488888888888889 0.5916666666666667 0.10888888888888888 0.10333333333333333
8 0.55 0.7366666666666667 0.09333333333333334 0.10666666666666667
5 0.05444444444444444 0.5644444444444444 0.10666666666666667 0.10888888888888888
0 0.6172222222222222 0.5072222222222222 0.30333333333333334 0.9633333333333334
