3 0.145 0.8927777777777778 0.10777777777777778 0.0811111111111111
7 0.7622222222222222 0.9222222222222223 0.09777777777777778 0.07555555555555556
7 0.3738888888888889 0.7961111111111111 0.09888888888888889 0.09
11 0.6927777777777778 0.7838888888888889 0.10333333333333333 0.09666666666666666
7 0.5566666666666666 0.3883333333333333 0.08666666666666667 0.09
11 0.285 0.30777777777777776 0.11 0.1
5 0.06722222222222222 0.14722222222222223 0.09444444444444444 0.09
5 0.6177777777777778 0.12222222222222222 0.09555555555555556 0.1
3 0.9205555555555556 0.47333333333333333 0.09444444444444444 0.09777777777777778
11 0.8433333333333334 0.27666666666666667 0.10222222222222223 0.10222222222222223
