7 0.7472222222222222 0.44666666666666666 0.09666666666666666 0.08888888888888889
5 0.7594444444444445 0.1622222222222222 0.10333333333333333 0.08888888888888889
11 0.5211111111111111 0.8955555555555555 0.09777777777777778 0.09777777777777778
3 0.5127777777777778 0.7355555555555555 0.10333333333333333 0.1
7 0.7066666666666667 0.9322222222222222 0.10888888888888888 0.10888888888888888
11 0.8972222222222223 0.3388888888888889 0.09 0.09333333333333334
11 0.14888888888888888 0.16055555555555556 0.08888888888888889 0.06333333333333334
7 0.16944444444444445 0.5938888888888889 0.10333333333333333 0.09444444444444444
7 0.615 0.24944444444444444 0.10777777777777778 0.07888888888888888
7 0.5505555555555556 0.5483333333333333 0.09888888888888889 0.10777777777777778
3 0.06888888888888889 0.44555555555555554 0.1 0.10222222222222223
7 0.3883333333333333 0.2861111111111111 0.09 0.09
