5 0.44333333333333336 0.31722222222222224 0.09111111111111111 0.07888888888888888
3 0.45166666666666666 0.515 0.09666666666666666 0.10333333333333333
11 0.5 0.7427777777777778 0.1111111111111111 0.08555555555555555
7 0.31555555555555553 0.41 0.10888888888888888 0.08444444444444445
5 0.6366666666666667 0.24333333333333335 0.09333333333333334 0.09777777777777778
3 0.7222222222222222 0.5138888888888888 0.09333333333333334 0.07888888888888888
7 0.465 0.12444444444444444 0.11 0.10888888888888888
7 0.9122222222222223 0.8116666666666666 0.10222222222222223 0.11
7 0.2477777777777778 0.05 0.09333333333333334 0.09777777777777778
0 0.6583333333333333 0.39444444444444443 0.46111111111111114 0.24666666666666667
0 0.6072222222222222 0.8488888888888889 0.30333333333333334 0.2644444444444444
