6 0.12111111111111111 0.27111111111111114 0.08888888888888889 0.09555555555555556
5 0.6288888888888889 0.2538888888888889 0.09333333333333334 0.09888888888888889
6 0.9394444444444444 0.8388888888888889 0.11 0.09777777777777778
7 0.8883333333333333 0.5005555555555555 0.10111111111111111 0.10111111111111111
7 0.49166666666666664 0.8955555555555555 0.10111111111111111 0.10444444444444445
11 0.17722222222222223 0.8422222222222222 0.09888888888888889 0.1
7 0.29388888888888887 0.06333333333333334 0.10555555555555556 0.08444444444444445
11 0.7672222222222222 0.7144444444444444 0.11 0.1
7 0.25222222222222224 0.5105555555555555 0.1 0.09222222222222222
3 0.44 0.48777777777777775 0.10222222222222223 0.09111111111111111
7 0.9005555555555556 0.17833333333333334 0.11 0.10111111111111111
0 0.39166666666666666 0.35944444444444446 0.5011111111111111 0.2877777777777778
0 0.7983333333333333 0.6816666666666666 0.17888888888888888 0.18555555555555556
