7 0.2738888888888889 0.6611111111111111 0.10111111111111111 0.10222222222222223
6 0.2816666666666667 0.25222222222222224 0.10777777777777778 0.10888888888888888
7 0.16111111111111112 0.4122222222222222 0.1 0.10222222222222223
3 0.7333333333333333 0.4216666666666667 0.10444444444444445 0.10777777777777778
3 0.7283333333333334 0.94 0.10333333333333333 0.10666666666666667
11 0.37833333333333335 0.9044444444444445 0.07888888888888888 0.06888888888888889
11 0.6627777777777778 0.6422222222222222 0.09444444444444444 0.057777777777777775
5 0.20722222222222222 0.8316666666666667 0.11 0.06555555555555556
11 0.5261111111111111 0.3016666666666667 0.09444444444444444 0.11
3 0.8683333333333333 0.13777777777777778 0.09444444444444444 0.08
1 0.5683333333333334 0.8688888888888889 0.10777777777777778 0.10666666666666667
7 0.4527777777777778 0.6005555555555555 0.10333333333333333 0.09
6 0.29777777777777775 0.06111111111111111 0.10222222222222223 0.1
