7 0.7416666666666667 0.09777777777777778 0.10777777777777778 0.1111111111111111
10 0.20444444444444446 0.16666666666666666 0.1111111111111111 0.1111111111111111
3 0.5127777777777778 0.5194444444444445 0.10777777777777778 0.10111111111111111
7 0.8338888888888889 0.5411111111111111 0.09222222222222222 0.1
4 0.21444444444444444 0.8077777777777778 0.1 0.08888888888888889
5 0.34444444444444444 0.5561111111111111 0.09555555555555556 0.0811111111111111
7 0.8277777777777777 0.8116666666666666 0.08888888888888889 0.07666666666666666
11 0.6633333333333333 0.5611111111111111 0.08888888888888889 0.09777777777777778
11 0.24888888888888888 0.4261111111111111 0.10444444444444445 0.09666666666666666
7 0.58 0.17777777777777778 0.09333333333333334 0.08
