7 0.8155555555555556 0.8261111111111111 0.09555555555555556 0.09222222222222222
11 0.44222222222222224 0.09111111111111111 0.09111111111111111 0.1111111111111111
5 0.8677777777777778 0.6711111111111111 0.09111111111111111 0.10444444444444445
7 0.2972222222222222 0.6966666666666667 0.09888888888888889 0.08666666666666667
7 0.245 0.46944444444444444 0.10555555555555556 0.09666666666666666
11 0.445 0.8827777777777778 0.10111111111111111 0.09666666666666666
7 0.6305555555555555 0.9016666666666666 0.09888888888888889 0.09444444444444444
5 0.7816666666666666 0.21 0.08333333333333333 0.1
7 0.6016666666666667 0.7338888888888889 0.09444444444444444 0.08555555555555555
11 0.22444444444444445 0.8894444444444445 0.1111111111111111 0.10111111111111111
3 0.8711111111111111 0.41555555555555557 0.10666666666666667 0.09555555555555556
7 0.41555555555555557 0.5022222222222222 0.1111111111111111 0.10444444444444445
7 0.46 0.325 0.09333333333333334 0.09888888888888889
0 0.5127777777777778 0.6811111111111111 0.95 0.22
