8 0.9211111111111111 0.20944444444444443 0.10888888888888888 0.09666666666666666
10 0.13833333333333334 0.47333333333333333 0.09888888888888889 0.10666666666666667
7 0.5677777777777778 0.6022222222222222 0.10666666666666667 0.1111111111111111
11 0.4988888888888889 0.18166666666666667 0.1111111111111111 0.10333333333333333
8 0.33166666666666667 0.31555555555555553 0.09888888888888889 0.10888888888888888
11 0.16833333333333333 0.7833333333333333 0.09222222222222222 0.10444444444444445
11 0.4127777777777778 0.86 0.09444444444444444 0.10222222222222223
3 0.5988888888888889 0.7755555555555556 0.10666666666666667 0.08666666666666667
11 0.9227777777777778 0.4683333333333333 0.10555555555555556 0.09
7 0.24833333333333332 0.15055555555555555 0.09 0.09444444444444444
0 0.7683333333333333 0.49666666666666665 0.30333333333333334 0.2311111111111111
0 0.21166666666666667 0.21888888888888888 0.25 0.24666666666666667
0 0.5827777777777777 0.1388888888888889 0.2477777777777778 0.1711111111111111
