11 0.8638888888888889 0.195 0.10555555555555556 0.10777777777777778
9 0.8666666666666667 0.4494444444444444 0.09111111111111111 0.10111111111111111
5 0.5488888888888889 0.7161111111111111 0.10666666666666667 0.09
8 0.48833333333333334 0.8916666666666667 0.10555555555555556 0.10333333333333333
7 0.06333333333333334 0.7888888888888889 0.08888888888888889 0.08888888888888889
11 0.6233333333333333 0.4361111111111111 0.09111111111111111 0.09444444444444444
11 0.6333333333333333 0.2777777777777778 0.08888888888888889 0.09333333333333334
5 0.82 0.6511111111111111 0.09333333333333334 0.1111111111111111
7 0.37222222222222223 0.33 0.10666666666666667 0.10888888888888888
0 0.2561111111111111 0.5872222222222222 0.4988888888888889 0.3055555555555556
0 0.7333333333333333 0.7294444444444445 0.2822222222222222 0.35444444444444445
