7 0.7627777777777778 0.145 0.10111111111111111 0.10555555555555556
5 0.6605555555555556 0.2688888888888889 0.10111111111111111 0.10222222222222223
7 0.6566666666666666 0.685 0.1 0.10333333333333333
5 0.9205555555555556 0.7833333333333333 0.10111111111111111 0.1
3 0.43222222222222223 0.7583333333333333 0.10666666666666667 0.0811111111111111
3 0.13055555555555556 0.365 0.09666666666666666 0.11
5 0.18944444444444444 0.09777777777777778 0.10111111111111111 0.10222222222222223
7 0.38166666666666665 0.49666666666666665 0.09222222222222222 0.09111111111111111
3 0.24222222222222223 0.8994444444444445 0.10444444444444445 0.09222222222222222
0 0.4816666666666667 0.47555555555555556 0.9344444444444444 0.7022222222222222
