7 0.5066666666666667 0.8827777777777778 0.09555555555555556 0.09666666666666666
5 0.5611111111111111 0.7055555555555556 0.10222222222222223 0.08888888888888889
5 0.5661111111111111 0.3111111111111111 0.10555555555555556 0.09777777777777778
7 0.37777777777777777 0.3038888888888889 0.1 0.09
3 0.8605555555555555 0.7155555555555555 0.11 0.09777777777777778
11 0.7222222222222222 0.3788888888888889 0.09555555555555556 0.10666666666666667
3 0.5877777777777777 0.09555555555555556 0.09555555555555556 0.08888888888888889
11 0.7933333333333333 0.19777777777777777 0.09111111111111111 0.10444444444444445
7 0.07222222222222222 0.5355555555555556 0.09111111111111111 0.10444444444444445
7 0.21888888888888888 0.0811111111111111 0.09777777777777778 0.10888888888888888
5 0.8838888888888888 0.49722222222222223 0.11 0.10777777777777778
11 0.4216666666666667 0.5505555555555556 0.09222222222222222 0.09222222222222222
0 0.20444444444444446 0.17833333333333334 0.26222222222222225 0.17
0 0.7416666666666667 0.7261111111111112 0.46555555555555556 0.3233333333333333
