4 0.5381868250075298 0.11627537350710687 0.3506733789423864 0.11125743608373824
11 0.21279204853491673 0.3807956041959948 0.15812572608751774 0.12715135552427223
7 0.4085667570242245 0.37511920439580404 0.12155242889720755 0.16348031424549295
7 0.6204767436857278 0.37341628445574687 0.12155242889720755 0.1623450342854548
11 0.8146379243578159 0.3785250442759185 0.16350415214491626 0.12488079560419599
0 0.5134460651434964 0.38136324417601386 0.8670022804526485 0.17369783388583626
0 0.2681898369261219 0.7060533127469234 0.44748504797556055 0.14190999500476814
0 0.7538617099092122 0.6981063530266564 0.4464093627640807 0.13055719540438668
11 0.14717525063465425 0.6981063530266564 0.16457983735639609 0.09195767676308979
3 0.3983477475151672 0.7009445529267517 0.15274730003011924 0.08174015712274636
3 0.6097198915709306 0.6998092729667136 0.15167161481863953 0.08174015712274643
11 0.8232434060496536 0.7003769129467327 0.1613527817219569 0.0874165569229372
0 0.5365732971903102 0.8854275464329504 0.35605180499978495 0.2054856727669044
