3 0.1689453125 0.5026315789473684 0.125 0.11842105263157894
3 0.2294921875 0.8381578947368421 0.125 0.11578947368421053
3 0.7392578125 0.8381578947368421 0.125 0.11578947368421053
3 0.7998046875 0.5026315789473684 0.125 0.11842105263157894
3 0.2900390625 0.15394736842105264 0.125 0.11578947368421053
3 0.6708984375 0.15394736842105264 0.125 0.11578947368421053
0 0.48046875 0.15526315789473685 0.580078125 0.28157894736842104
0 0.8028634361233481 0.6025968003709715 0.3656731828193833 0.690934384419198
0 0.7826438601321586 0.5915835845119407 0.19101046255506593 0.4185022026431719
0 0.49053551762114533 0.8390911198701599 0.764902257709251 0.22258288894041264
0 0.3779296875 0.9328947368421052 0.09765625 0.08421052631578947
0 0.853515625 0.7631578947368421 0.087890625 0.13421052631578947
0 0.0986328125 0.6828947368421052 0.12109375 0.21052631578947367
0 0.115234375 0.7197368421052631 0.087890625 0.1368421052631579
