7 0.1649331352154532 0.24489795918367346 0.12927191679049035 0.1096938775510204
7 0.8402674591381872 0.24362244897959184 0.1277860326894502 0.10714285714285714
7 0.5074294205052006 0.23469387755102042 0.0861812778603269 0.14540816326530612
0 0.10104011887072809 0.6262755102040817 0.20059435364041606 0.23979591836734693
0 0.33655274888558695 0.6275510204081632 0.19910846953937592 0.2372448979591837
0 0.6649331352154532 0.6275510204081632 0.19910846953937592 0.2372448979591837
0 0.899331352154532 0.6275510204081632 0.19836552748885586 0.2372448979591837
10 0.1025260029717682 0.8877551020408163 0.0787518573551263 0.11479591836734694
10 0.337295690936107 0.8877551020408163 0.0787518573551263 0.11479591836734694
10 0.6656760772659732 0.889030612244898 0.0787518573551263 0.11224489795918367
10 0.9004457652303121 0.8877551020408163 0.0787518573551263 0.11479591836734694
0 0.3514115898959881 0.2538265306122449 0.041604754829123326 0.10714285714285714
0 0.6575037147102526 0.2538265306122449 0.041604754829123326 0.10714285714285714
