3 0.2988313856427379 0.13135593220338984 0.12186978297161936 0.0692090395480226
3 0.39065108514190316 0.3305084745762712 0.12186978297161936 0.0692090395480226
3 0.7028380634390651 0.4872881355932203 0.12186978297161936 0.0692090395480226
3 0.7020033388981636 0.12994350282485875 0.12020033388981637 0.0692090395480226
3 0.9378130217028381 0.12994350282485875 0.12103505843071787 0.0692090395480226
2 0.49958263772954925 0.1285310734463277 0.27629382303839733 0.02401129943502825
2 0.8213689482470785 0.1285310734463277 0.11185308848080133 0.02401129943502825
2 0.7061769616026711 0.3072033898305085 0.028380634390651086 0.288135593220339
2 0.5525876460767947 0.2309322033898305 0.2287145242070117 0.14124293785310735
0 0.2679465776293823 0.059322033898305086 0.04006677796327212 0.07768361581920905
0 0.20534223706176963 0.0847457627118644 0.08180300500834725 0.05508474576271186
0 0.18864774624373956 0.13206214689265536 0.09515859766277128 0.03389830508474576
0 0.2045075125208681 0.17937853107344634 0.08013355592654424 0.05508474576271186
0 0.2988313856427379 0.2824858757062147 0.08180300500834725 0.05508474576271186
0 0.28046744574290483 0.3298022598870056 0.09515859766277128 0.03389830508474576
0 0.2988313856427379 0.3771186440677966 0.08180300500834725 0.05508474576271186
0 0.3614357262103506 0.4025423728813559 0.04006677796327212 0.07768361581920905
0 0.6118530884808013 0.4392655367231638 0.08013355592654424 0.05508474576271186
0 0.5934891485809682 0.4872881355932203 0.09348914858096828 0.03248587570621469
0 0.6118530884808013 0.5338983050847458 0.08013355592654424 0.05508474576271186
0 0.674457429048414 0.559322033898305 0.038397328881469114 0.07768361581920905
0 0.7287145242070117 0.5600282485875706 0.04006677796327212 0.07909604519774012
0 0.7938230383973289 0.5338983050847458 0.08013355592654424 0.05508474576271186
0 0.8113522537562604 0.4872881355932203 0.09181969949916527 0.03248587570621469
0 0.7938230383973289 0.4392655367231638 0.08013355592654424 0.05508474576271186
