4 0.11833333333333333 0.22580645161290322 0.051666666666666666 0.1814516129032258
4 0.24083333333333334 0.22580645161290322 0.05 0.1814516129032258
10 0.09416666666666666 0.5604838709677419 0.08333333333333333 0.14112903225806453
10 0.931159420289855 0.5861968209443664 0.08212560386473418 0.14317438055165965
7 0.21083333333333334 0.5745967741935484 0.09666666666666666 0.11290322580645161
7 0.8258333333333333 0.6229838709677419 0.09666666666666666 0.11290322580645161
3 0.6358333333333334 0.6068548387096774 0.10666666666666667 0.1693548387096774
3 0.33916666666666667 0.5564516129032258 0.10666666666666667 0.17338709677419356
2 0.48822463768115937 0.5891187470780739 0.1865942028985507 0.0584385226741468
0 0.17166666666666666 0.5181451612903226 0.31166666666666665 0.4274193548387097
0 0.49166666666666664 0.5181451612903226 0.295 0.4274193548387097
0 0.8216666666666667 0.5181451612903226 0.3516666666666667 0.4274193548387097
