10 0.09151414309484193 0.11916666666666667 0.12146422628951747 0.10333333333333333
10 0.41430948419301167 0.11916666666666667 0.11480865224625623 0.10333333333333333
10 0.6189683860232945 0.11916666666666667 0.12146422628951747 0.10333333333333333
10 0.8818635607321131 0.11916666666666667 0.11480865224625623 0.10333333333333333
7 0.07820299500831947 0.315 0.1480865224625624 0.07166666666666667
7 0.49417637271214643 0.315 0.1480865224625624 0.07166666666666667
7 0.8793677204658902 0.315 0.1497504159733777 0.07166666666666667
3 0.08319467554076539 0.5058333333333334 0.13810316139767054 0.09333333333333334
3 0.48502495840266224 0.5058333333333334 0.13976705490848584 0.09333333333333334
3 0.8785357737104825 0.5058333333333334 0.13810316139767054 0.09333333333333334
7 0.07820299500831947 0.6983333333333334 0.1480865224625624 0.07166666666666667
7 0.49417637271214643 0.6983333333333334 0.1480865224625624 0.07166666666666667
7 0.8793677204658902 0.6983333333333334 0.1497504159733777 0.07166666666666667
10 0.08818635607321132 0.8808333333333334 0.11148086522462562 0.10333333333333333
10 0.4925124792013311 0.88 0.11480865224625623 0.105
10 0.7770382695507487 0.88 0.12146422628951747 0.105
4 0.96630615640599 0.8841666666666667 0.06405990016638935 0.09666666666666666
2 0.24958402662229617 0.505 0.1913477537437604 0.028333333333333332
2 0.6805324459234608 0.505 0.24792013311148087 0.028333333333333332
