6 0.11745513866231648 0.1972049689440994 0.13213703099510604 0.18633540372670807
3 0.10114192495921696 0.6180124223602484 0.08319738988580751 0.10869565217391304
10 0.15742251223491027 0.8633540372670807 0.08809135399673736 0.13354037267080746
3 0.37846655791190864 0.29037267080745344 0.08319738988580751 0.10559006211180125
3 0.7504078303425775 0.2406832298136646 0.08319738988580751 0.10559006211180125
3 0.7079934747145188 0.7096273291925466 0.08319738988580751 0.10559006211180125
10 0.797716150081566 0.8913043478260869 0.06688417618270799 0.13354037267080746
10 0.867862969004894 0.8913043478260869 0.06688417618270799 0.13354037267080746
10 0.9388254486133768 0.8913043478260869 0.06525285481239804 0.13354037267080746
0 0.43148450244698205 0.6506211180124224 0.1859706362153344 0.20496894409937888
0 0.37846655791190864 0.14596273291925466 0.06035889070146819 0.11490683229813664
0 0.10195758564437195 0.4301242236024845 0.05872756933115824 0.11801242236024845
0 0.702283849918434 0.8913043478260869 0.05872756933115824 0.11490683229813664
0 0.10871591703565602 0.4880212954747115 0.2169657422512235 0.9751552795031055
0 0.3809135399673736 0.19409937888198758 0.20554649265905384 0.38509316770186336
0 0.7446982055464927 0.19254658385093168 0.19902120717781402 0.3695652173913043
0 0.816068515497553 0.7701863354037267 0.3646003262642741 0.4503105590062112
11 0.8776508972267537 0.7018633540372671 0.08972267536704731 0.14596273291925466
2 0.8776508972267537 0.7018633540372671 0.08972267536704731 0.14596273291925466
2 0.24373645638041447 0.6784555483452303 0.20878478731951985 0.031287661073514474
2 0.5943488105962844 0.7201724297765829 0.15156679895790212 0.03824047464540658
2 0.7921769618465584 0.6935199777509966 0.08217477051934466 0.03824047464540649
2 0.7310778895084122 0.475062575322147 0.017043656107715906 0.3592287012144248
2 0.25023304591004425 0.6092502218278616 0.21032393381496153 0.03660159716060335
2 0.6149498951293404 0.4317879325643301 0.21615008156606852 0.2761756876663708
2 0.2414938242833838 0.4578527062999113 0.20216732696341175 0.2551020408163265
