3 0.199836867862969 0.2588495575221239 0.08809135399673736 0.11504424778761062
3 0.33849918433931486 0.2610619469026549 0.08809135399673736 0.11946902654867257
3 0.05546492659053834 0.6548672566371682 0.08972267536704731 0.11946902654867257
3 0.199836867862969 0.6570796460176991 0.08809135399673736 0.11504424778761062
3 0.3458401305057096 0.6570796460176991 0.0864600326264274 0.11504424778761062
3 0.5 0.3893805309734513 0.08482871125611746 0.11946902654867257
3 0.499184339314845 0.8960176991150443 0.0929853181076672 0.11504424778761062
3 0.6623164763458401 0.6526548672566371 0.08319738988580751 0.11504424778761062
3 0.831973898858075 0.3915929203539823 0.0766721044045677 0.11504424778761062
3 0.9551386623164764 0.6570796460176991 0.08482871125611746 0.11504424778761062
3 0.8303425774877651 0.8960176991150443 0.0799347471451876 0.10619469026548672
0 0.5032626427406199 0.6216814159292036 0.2740619902120718 0.6637168141592921
0 0.8278955954323002 0.6172566371681416 0.3099510603588907 0.6548672566371682
0 0.18793426379070755 0.469682071451983 0.3576823152679596 0.6325794821370041
