10 0.17722772277227722 0.1409313725490196 0.07920792079207921 0.06862745098039216
7 0.3435643564356436 0.22549019607843138 0.07920792079207921 0.0857843137254902
9 0.17722772277227722 0.40931372549019607 0.07920792079207921 0.10049019607843138
9 0.17722772277227722 0.5183823529411765 0.07920792079207921 0.10294117647058823
7 0.3435643564356436 0.40931372549019607 0.07920792079207921 0.0857843137254902
7 0.3594059405940594 0.6654411764705882 0.07920792079207921 0.08333333333333333
3 0.5415841584158416 0.40931372549019607 0.07920792079207921 0.0857843137254902
0 0.8960396039603961 0.3946078431372549 0.17425742574257425 0.11519607843137254
11 0.16633663366336635 0.8186274509803921 0.07722772277227723 0.0661764705882353
11 0.3594059405940594 0.821078431372549 0.0594059405940594 0.061274509803921566
4 0.26534653465346536 0.8075980392156863 0.04554455445544554 0.08823529411764706
