10 0.9423076923076923 0.467935871743487 0.0625 0.06813627254509018
3 0.7347756410256411 0.467935871743487 0.060897435897435896 0.07615230460921844
3 0.5296474358974359 0.467935871743487 0.060897435897435896 0.07615230460921844
3 0.35336538461538464 0.29158316633266534 0.060897435897435896 0.07615230460921844
3 0.35336538461538464 0.6823647294589178 0.060897435897435896 0.07615230460921844
10 0.5256410256410257 0.845691382765531 0.049679487179487176 0.05410821643286573
10 0.18990384615384615 0.10821643286573146 0.04807692307692308 0.05410821643286573
10 0.04006410256410257 0.280561122244489 0.049679487179487176 0.05410821643286573
10 0.049679487179487176 0.6713426853707415 0.049679487179487176 0.05410821643286573
10 0.18990384615384615 0.8466933867735471 0.04807692307692308 0.056112224448897796
7 0.18509615384615385 0.6833667334669339 0.060897435897435896 0.0781563126252505
7 0.1842948717948718 0.29158316633266534 0.0625 0.07615230460921844
0 0.1578525641025641 0.7575150300601202 0.3108974358974359 0.42685370741482964
0 0.15705128205128205 0.2154308617234469 0.3125 0.4288577154308617
