9 0.14903846153846154 0.249185667752443 0.07852564102564102 0.18241042345276873
9 0.23637820512820512 0.4723127035830619 0.0641025641025641 0.14006514657980457
10 0.3060897435897436 0.24592833876221498 0.07532051282051282 0.1237785016286645
0 0.5088141025641025 0.3485342019543974 0.2564102564102564 0.3289902280130293
11 0.5096153846153846 0.34527687296416937 0.2548076923076923 0.16612377850162866
3 0.7588141025641025 0.19381107491856678 0.07371794871794872 0.1498371335504886
7 0.7652243589743589 0.44788273615635177 0.07371794871794872 0.1498371335504886
4 0.6498397435897436 0.6970684039087948 0.05448717948717949 0.1986970684039088
4 0.7668269230769231 0.6970684039087948 0.057692307692307696 0.1986970684039088
4 0.8774038461538461 0.6970684039087948 0.057692307692307696 0.1986970684039088
