0 0.5040314452731305 0.17044809982983547 0.983672646643822 0.3051616562677255
0 0.5036283007458174 0.498298355076574 0.9844789356984481 0.30743051616562683
0 0.5036283007458174 0.8278502552467386 0.9844789356984481 0.3108338060124787
7 0.5859504132231405 0.16744186046511628 0.10909090909090909 0.21627906976744185
7 0.7429752066115702 0.16744186046511628 0.10909090909090909 0.21627906976744185
7 0.5859504132231405 0.49767441860465117 0.10909090909090909 0.21627906976744185
7 0.7429752066115702 0.49767441860465117 0.10909090909090909 0.21627906976744185
7 0.4479338842975207 0.8639534883720931 0.10743801652892562 0.14883720930232558
7 0.5958677685950413 0.8639534883720931 0.10578512396694215 0.14883720930232558
7 0.7429752066115702 0.8639534883720931 0.10578512396694215 0.14883720930232558
7 0.8900826446280992 0.8639534883720931 0.10578512396694215 0.14883720930232558
