7 0.26572847682119205 0.2608695652173913 0.08609271523178808 0.4076086956521739
7 0.45281456953642385 0.26358695652173914 0.08609271523178808 0.41304347826086957
7 0.6399006622516556 0.2608695652173913 0.08609271523178808 0.41847826086956524
7 0.8269867549668874 0.2608695652173913 0.08609271523178808 0.41847826086956524
7 0.14403973509933773 0.907608695652174 0.08443708609271523 0.1358695652173913
7 0.2591059602649007 0.904891304347826 0.08278145695364239 0.13043478260869565
7 0.3741721854304636 0.907608695652174 0.08443708609271523 0.1358695652173913
7 0.48923841059602646 0.907608695652174 0.08278145695364239 0.1358695652173913
7 0.6043046357615894 0.907608695652174 0.08443708609271523 0.1358695652173913
7 0.7185430463576159 0.904891304347826 0.08443708609271523 0.14130434782608695
7 0.8336092715231788 0.907608695652174 0.08278145695364239 0.1358695652173913
7 0.9486754966887417 0.907608695652174 0.08443708609271523 0.1358695652173913
