0 0.47520661157024796 0.3855421686746988 0.14256198347107438 0.12951807228915663
3 0.6621900826446281 0.3855421686746988 0.06611570247933884 0.09939759036144578
3 0.18801652892561985 0.2710843373493976 0.06818181818181818 0.09939759036144578
3 0.1518595041322314 0.6385542168674698 0.0371900826446281 0.0572289156626506
7 0.8233471074380165 0.27259036144578314 0.07024793388429752 0.14457831325301204
7 0.9411157024793388 0.2740963855421687 0.07024793388429752 0.14759036144578314
7 0.8233471074380165 0.4879518072289157 0.07024793388429752 0.14759036144578314
7 0.9411157024793388 0.4924698795180723 0.07024793388429752 0.14457831325301204
7 0.12086776859504132 0.7168674698795181 0.0371900826446281 0.0572289156626506
7 0.18491735537190082 0.7168674698795181 0.0371900826446281 0.0572289156626506
7 0.12086776859504132 0.8117469879518072 0.0371900826446281 0.05421686746987952
7 0.18698347107438015 0.8117469879518072 0.0371900826446281 0.05421686746987952
11 0.09090909090909091 0.14006024096385541 0.06818181818181818 0.0963855421686747
11 0.09090909090909091 0.2710843373493976 0.06818181818181818 0.07530120481927711
0 0.1291089293481638 0.22427303197753418 0.2198160690983657 0.41330736479753594
0 0.15124588330329958 0.6998595887308633 0.1724352202821102 0.38839568801521884
