6 0.2821180555555556 0.07142857142857142 0.1597222222222222 0.141321044546851
6 0.6762152777777778 0.21351766513056836 0.1597222222222222 0.13978494623655913
6 0.9188368055555556 0.5491551459293394 0.15885416666666666 0.141321044546851
6 0.3446180555555556 0.8840245775729647 0.1597222222222222 0.141321044546851
6 0.08246527777777778 0.5506912442396313 0.1597222222222222 0.141321044546851
3 0.1640625 0.21274961597542244 0.08333333333333333 0.07680491551459294
3 0.5026041666666666 0.30030721966205837 0.08333333333333333 0.07373271889400922
3 0.2638888888888889 0.5499231950844854 0.08506944444444445 0.07526881720430108
3 0.7421875 0.5506912442396313 0.08333333333333333 0.07373271889400922
3 0.5234375 0.8056835637480799 0.08333333333333333 0.07373271889400922
0 0.5034722222222222 0.5176651305683564 0.4357638888888889 0.2534562211981567
