0 0.475 0.38636363636363635 0.144 0.12727272727272726
3 0.663 0.38636363636363635 0.068 0.09696969696969697
3 0.189 0.2727272727272727 0.068 0.1
3 0.153 0.6409090909090909 0.036 0.05454545454545454
11 0.091 0.1409090909090909 0.068 0.09696969696969697
11 0.091 0.2696969696969697 0.068 0.07575757575757576
0 0.12771535580524346 0.2219384859834298 0.2217228464419476 0.4108500737714221
0 0.15280898876404495 0.7008852570650325 0.1775280898876405 0.38588128475768946
7 0.12 0.7166666666666667 0.038 0.05454545454545454
7 0.184 0.7166666666666667 0.038 0.05454545454545454
7 0.12 0.8106060606060606 0.038 0.05454545454545454
7 0.186 0.8106060606060606 0.038 0.05454545454545454
7 0.824 0.2727272727272727 0.07 0.14242424242424243
7 0.942 0.27424242424242423 0.07 0.14545454545454545
7 0.824 0.4893939393939394 0.07 0.14545454545454545
7 0.942 0.49242424242424243 0.07 0.14545454545454545
