0 0.5514950166112956 0.4730337078651685 0.20764119601328904 0.1662921348314607
3 0.771594684385382 0.5089887640449439 0.059800664451827246 0.08089887640449438
3 0.771594684385382 0.13258426966292136 0.059800664451827246 0.07865168539325842
3 0.771594684385382 0.8674157303370786 0.059800664451827246 0.07865168539325842
3 0.26993355481727577 0.4707865168539326 0.09302325581395349 0.1258426966292135
7 0.8662790697674418 0.12921348314606743 0.08305647840531562 0.07640449438202247
7 0.8662790697674418 0.5044943820224719 0.08305647840531562 0.07640449438202247
7 0.8662790697674418 0.8629213483146068 0.08305647840531562 0.07865168539325842
7 0.143687707641196 0.33370786516853934 0.08305647840531562 0.07640449438202247
7 0.13538205980066445 0.6292134831460674 0.08305647840531562 0.07865168539325842
7 0.03239202657807309 0.2303370786516854 0.046511627906976744 0.06292134831460675
7 0.03239202657807309 0.32696629213483147 0.046511627906976744 0.06292134831460675
7 0.03239202657807309 0.4303370786516854 0.046511627906976744 0.06292134831460675
7 0.024916943521594685 0.5258426966292135 0.044850498338870434 0.060674157303370786
7 0.02408637873754153 0.6224719101123596 0.046511627906976744 0.060674157303370786
7 0.024916943521594685 0.7258426966292135 0.044850498338870434 0.060674157303370786
7 0.9763289036544851 0.03258426966292135 0.04401993355481727 0.06292134831460675
7 0.9763289036544851 0.13595505617977527 0.04401993355481727 0.06292134831460675
7 0.9763289036544851 0.23370786516853934 0.04401993355481727 0.060674157303370786
7 0.9763289036544851 0.40898876404494383 0.04401993355481727 0.060674157303370786
7 0.9763289036544851 0.5123595505617977 0.04401993355481727 0.060674157303370786
7 0.9763289036544851 0.6089887640449438 0.04401993355481727 0.060674157303370786
7 0.9763289036544851 0.7674157303370787 0.04401993355481727 0.06292134831460675
7 0.9763289036544851 0.8707865168539326 0.04401993355481727 0.06292134831460675
7 0.9763289036544851 0.9668539325842697 0.04401993355481727 0.06179775280898876
2 0.37790697674418605 0.4752808988764045 0.12292358803986711 0.03146067415730337
2 0.6453488372093024 0.27078651685393257 0.19933554817275748 0.24269662921348314
2 0.6993355481727574 0.49775280898876406 0.08471760797342193 0.03146067415730337
2 0.6553156146179402 0.6943820224719102 0.1893687707641196 0.2898876404494382
