0 0.5416666666666666 0.38827433628318586 0.16185897435897437 0.1504424778761062
3 0.33974358974358976 0.41814159292035397 0.04326923076923077 0.059734513274336286
3 0.33974358974358976 0.22234513274336284 0.04326923076923077 0.05752212389380531
3 0.09294871794871795 0.6117256637168141 0.04326923076923077 0.061946902654867256
6 0.7532051282051282 0.4170353982300885 0.049679487179487176 0.09734513274336283
6 0.9503205128205128 0.4170353982300885 0.049679487179487176 0.09734513274336283
7 0.09134615384615384 0.7278761061946902 0.049679487179487176 0.06858407079646017
7 0.33653846153846156 0.7278761061946902 0.049679487179487176 0.06858407079646017
7 0.5432692307692307 0.7278761061946902 0.049679487179487176 0.06858407079646017
7 0.7524038461538461 0.6172566371681416 0.05128205128205128 0.06858407079646017
11 0.09054487179487179 0.22013274336283187 0.07051282051282051 0.04424778761061947
11 0.0921474358974359 0.8528761061946902 0.07051282051282051 0.04424778761061947
11 0.3373397435897436 0.8539823008849557 0.07051282051282051 0.046460176991150445
11 0.5408653846153846 0.8528761061946902 0.07051282051282051 0.04424778761061947
11 0.6818910256410257 0.8528761061946902 0.07051282051282051 0.04424778761061947
11 0.7532051282051282 0.7311946902654868 0.06891025641025642 0.04424778761061947
11 0.8261217948717948 0.8528761061946902 0.07051282051282051 0.04424778761061947
11 0.5400641025641025 0.21460176991150443 0.046474358974358976 0.08185840707964602
11 0.75 0.21460176991150443 0.046474358974358976 0.08185840707964602
11 0.3373397435897436 0.6095132743362832 0.05128205128205128 0.05752212389380531
10 0.03205128205128205 0.32632743362831856 0.03365384615384615 0.04424778761061947
10 0.14583333333333334 0.32632743362831856 0.03365384615384615 0.04424778761061947
10 0.038461538461538464 0.952433628318584 0.03365384615384615 0.04424778761061947
10 0.28525641025641024 0.952433628318584 0.03365384615384615 0.04424778761061947
10 0.48717948717948717 0.9535398230088495 0.03365384615384615 0.0420353982300885
10 0.8285256410256411 0.952433628318584 0.03365384615384615 0.04424778761061947
10 0.5376602564102564 0.049778761061946904 0.05448717948717949 0.06637168141592921
10 0.9503205128205128 0.21902654867256638 0.052884615384615384 0.06415929203539823
8 0.0921474358974359 0.3252212389380531 0.019230769230769232 0.046460176991150445
8 0.09134615384615384 0.952433628318584 0.017628205128205128 0.04424778761061947
8 0.1530448717948718 0.9535398230088495 0.022435897435897436 0.0420353982300885
8 0.33814102564102566 0.952433628318584 0.017628205128205128 0.04424778761061947
8 0.39903846153846156 0.9535398230088495 0.02403846153846154 0.0420353982300885
8 0.5400641025641025 0.952433628318584 0.017628205128205128 0.04424778761061947
8 0.6009615384615384 0.9535398230088495 0.02403846153846154 0.0420353982300885
8 0.6818910256410257 0.952433628318584 0.022435897435897436 0.04424778761061947
7 0.5432692307692307 0.6028761061946902 0.049679487179487176 0.10176991150442478
