3 0.11211573236889692 0.31643356643356646 0.11030741410488246 0.07167832167832168
3 0.32007233273056057 0.3173076923076923 0.11030741410488246 0.07342657342657342
3 0.5063291139240507 0.3155594405594406 0.11030741410488246 0.07342657342657342
3 0.7160940325497287 0.3173076923076923 0.11030741410488246 0.07342657342657342
3 0.8896925858951176 0.3181818181818182 0.11030741410488246 0.07167832167832168
7 0.4972875226039783 0.5926573426573427 0.11392405063291139 0.05419580419580419
10 0.1735985533453888 0.8784965034965035 0.08860759493670886 0.11888111888111888
10 0.4014466546112116 0.8784965034965035 0.08860759493670886 0.11888111888111888
10 0.593128390596745 0.8784965034965035 0.08860759493670886 0.11888111888111888
10 0.7974683544303798 0.8767482517482518 0.08860759493670886 0.11888111888111888
