10 0.036057692307692304 0.19796954314720813 0.0641025641025641 0.06260575296108291
10 0.036057692307692304 0.41539763113367173 0.0641025641025641 0.06091370558375635
10 0.036057692307692304 0.6023688663282571 0.0641025641025641 0.06260575296108291
10 0.03926282051282051 0.7918781725888325 0.0641025641025641 0.06260575296108291
10 0.20352564102564102 0.9390862944162437 0.06570512820512821 0.06260575296108291
10 0.20432692307692307 0.06006768189509306 0.0641025641025641 0.06091370558375635
7 0.20352564102564102 0.1996615905245347 0.07532051282051282 0.0727580372250423
7 0.20352564102564102 0.5008460236886633 0.07532051282051282 0.0727580372250423
7 0.5400641025641025 0.5008460236886633 0.07532051282051282 0.0727580372250423
3 0.375 0.19458544839255498 0.07852564102564102 0.0727580372250423
3 0.36939102564102566 0.5 0.08012820512820513 0.07445008460236886
3 0.36939102564102566 0.7910321489001692 0.08012820512820513 0.08121827411167512
3 0.7099358974358975 0.5025380710659898 0.07852564102564102 0.0727580372250423
3 0.8814102564102564 0.5025380710659898 0.07852564102564102 0.0727580372250423
7 0.20352564102564102 0.7952622673434856 0.07532051282051282 0.0727580372250423
0 0.8341668817759421 0.5033840947546532 0.32846110824298747 0.2808798646362098
0 0.49462226811220106 0.4931863864000272 0.3377215625537774 0.7449550869303535
