6 0.22248062015503875 0.1037037037037037 0.10232558139534884 0.12098765432098765
6 0.9465116279069767 0.3419753086419753 0.10232558139534884 0.11851851851851852
5 0.9372093023255814 0.4469135802469136 0.06821705426356589 0.06172839506172839
5 0.04496124031007752 0.3728395061728395 0.08837209302325581 0.0962962962962963
11 0.19534883720930232 0.3802469135802469 0.09147286821705426 0.11604938271604938
6 0.3449612403100775 0.37037037037037035 0.06511627906976744 0.1506172839506173
6 0.4782945736434108 0.37407407407407406 0.06511627906976744 0.1580246913580247
6 0.6077519379844961 0.37037037037037035 0.06356589147286822 0.1506172839506173
6 0.7317829457364341 0.37037037037037035 0.06356589147286822 0.1506172839506173
6 0.4782945736434108 0.5876543209876544 0.06511627906976744 0.1506172839506173
6 0.6077519379844961 0.5876543209876544 0.06356589147286822 0.1506172839506173
6 0.3426356589147287 0.782716049382716 0.06356589147286822 0.1506172839506173
6 0.5325581395348837 0.782716049382716 0.06511627906976744 0.1506172839506173
6 0.7317829457364341 0.782716049382716 0.06356589147286822 0.1506172839506173
0 0.5224806201550387 0.5469135802469136 0.7054263565891473 0.8888888888888888
