10 0.11226114649681529 0.4056603773584906 0.06369426751592357 0.2188679245283019
3 0.42356687898089174 0.44150943396226416 0.11305732484076433 0.17735849056603772
3 0.643312101910828 0.44150943396226416 0.11305732484076433 0.17735849056603772
3 0.42277070063694266 0.9066037735849056 0.11146496815286625 0.1792452830188679
2 0.42197452229299365 0.6754716981132075 0.027070063694267517 0.2830188679245283
2 0.5330414012738853 0.44339622641509435 0.10270700636942676 0.06037735849056604
2 0.5421974522292994 0.6811320754716981 0.1592356687898089 0.3018867924528302
0 0.8427547770700637 0.4226415094339623 0.31130573248407645 0.2679245283018868
10 0.8670382165605095 0.4320754716981132 0.08280254777070063 0.1811320754716981
0 0.1823248407643312 0.1471698113207547 0.1624203821656051 0.29056603773584905
0 0.4888535031847134 0.16226415094339622 0.160828025477707 0.32075471698113206
0 0.7125796178343949 0.16037735849056603 0.16878980891719744 0.3169811320754717
