2 0.11919504643962849 0.19550561797752808 0.06346749226006192 0.038202247191011236
2 0.11842105263157894 0.45393258426966293 0.06191950464396285 0.038202247191011236
2 0.11842105263157894 0.7134831460674157 0.06191950464396285 0.035955056179775284
10 0.05185758513931889 0.11235955056179775 0.05263157894736842 0.0696629213483146
8 0.05185758513931889 0.19550561797752808 0.05263157894736842 0.056179775280898875
10 0.05185758513931889 0.37191011235955057 0.05263157894736842 0.06741573033707865
8 0.05185758513931889 0.45393258426966293 0.05263157894736842 0.056179775280898875
10 0.05185758513931889 0.6303370786516854 0.05263157894736842 0.06741573033707865
8 0.05185758513931889 0.7134831460674157 0.05263157894736842 0.058426966292134834
1 0.20588235294117646 0.18651685393258427 0.09442724458204334 0.07415730337078652
1 0.20588235294117646 0.44719101123595506 0.09442724458204334 0.07415730337078652
1 0.20588235294117646 0.7067415730337079 0.09442724458204334 0.07191011235955057
7 0.3715170278637771 0.16741573033707866 0.14396284829721362 0.10337078651685393
7 0.3715170278637771 0.42696629213483145 0.14396284829721362 0.10112359550561797
7 0.3715170278637771 0.6865168539325842 0.14396284829721362 0.10337078651685393
7 0.6362229102167183 0.6865168539325842 0.14396284829721362 0.10337078651685393
3 0.618421052631579 0.8370786516853933 0.11145510835913312 0.10786516853932585
0 0.36493808049535603 0.4640449438202247 0.7267801857585139 0.9258426966292135
