0 0.16189111747851004 0.3915094339622642 0.3223495702005731 0.7735849056603774
10 0.04871060171919771 0.45754716981132076 0.050143266475644696 0.3018867924528302
7 0.1833810888252149 0.4716981132075472 0.1017191977077364 0.330188679245283
3 0.33882521489971346 0.4669811320754717 0.07449856733524356 0.32075471698113206
0 0.5007163323782235 0.3915094339622642 0.2922636103151863 0.7735849056603774
3 0.6626074498567335 0.4669811320754717 0.07449856733524356 0.32075471698113206
0 0.8384670487106017 0.3915094339622642 0.3202005730659026 0.7735849056603774
7 0.8187679083094556 0.4716981132075472 0.10028653295128939 0.330188679245283
10 0.9534383954154728 0.45754716981132076 0.04871060171919771 0.3018867924528302
2 0.501813499691705 0.47810683862749803 0.24059095909953693 0.1433006926200143
