0 0.5087847730600292 0.4516574585635359 0.31332357247437775 0.712707182320442
0 0.20863836017569545 0.24171270718232044 0.13177159590043924 0.22099447513812154
0 0.06661786237188873 0.4696132596685083 0.13177159590043924 0.22375690607734808
0 0.20863836017569545 0.7085635359116023 0.13177159590043924 0.22099447513812154
0 0.438506588579795 0.5138121546961326 0.16691068814055637 0.21823204419889503
0 0.5790629575402635 0.36187845303867405 0.16691068814055637 0.21823204419889503
0 0.438506588579795 0.2085635359116022 0.16691068814055637 0.22099447513812154
0 0.5790629575402635 0.6961325966850829 0.16691068814055637 0.21823204419889503
0 0.8162518301610542 0.15883977900552487 0.13177159590043924 0.22099447513812154
0 0.9337481698389458 0.3425414364640884 0.1295754026354319 0.22375690607734808
0 0.8074670571010248 0.5441988950276243 0.13177159590043924 0.22375690607734808
2 0.7210834553440703 0.7168508287292817 0.1054172767203514 0.03867403314917127
2 0.6998535871156661 0.7941988950276243 0.06588579795021962 0.06629834254143646
2 0.6691068814055637 0.8646408839779005 0.048316251830161056 0.10220994475138122
8 0.7964860907759883 0.7196132596685083 0.024890190336749635 0.08839779005524862
8 0.7510980966325037 0.8342541436464088 0.024890190336749635 0.0856353591160221
8 0.7042459736456809 0.955110497237569 0.024890190336749635 0.08425414364640885
6 0.20571010248901903 0.2430939226519337 0.0527086383601757 0.15193370165745856
6 0.06442166910688141 0.47099447513812154 0.05417276720351391 0.14917127071823205
6 0.20571010248901903 0.7113259668508287 0.0527086383601757 0.14917127071823205
6 0.8184480234260615 0.15883977900552487 0.09224011713030747 0.1270718232044199
6 0.9370424597364568 0.3453038674033149 0.09224011713030747 0.12430939226519337
6 0.8111273792093704 0.5469613259668509 0.09224011713030747 0.12430939226519337
