0 0.10111464968152867 0.13862928348909656 0.20063694267515925 0.27414330218068533
0 0.10191082802547771 0.48598130841121495 0.19904458598726116 0.27102803738317754
0 0.10111464968152867 0.8333333333333334 0.20063694267515925 0.26791277258566976
0 0.8539012738853503 0.5264797507788161 0.2890127388535032 0.9376947040498442
3 0.2484076433121019 0.1542056074766355 0.08121019108280254 0.1059190031152648
3 0.2484076433121019 0.5015576323987538 0.08121019108280254 0.102803738317757
3 0.2484076433121019 0.8489096573208723 0.08121019108280254 0.1059190031152648
3 0.8240445859872612 0.1791277258566978 0.07961783439490445 0.1059190031152648
3 0.8240445859872612 0.5015576323987538 0.07961783439490445 0.102803738317757
3 0.8240445859872612 0.8489096573208723 0.07961783439490445 0.1059190031152648
2 0.5360717226514252 0.17285277708681282 0.4909332542200479 0.04664013361287799
