10 0.1380255941499086 0.09639830508474577 0.09506398537477148 0.09745762711864407
3 0.15173674588665448 0.2680084745762712 0.12979890310786105 0.1016949152542373
2 0.14990859232175502 0.3771186440677966 0.02376599634369287 0.11652542372881355
3 0.15173674588665448 0.4883474576271186 0.12979890310786105 0.1016949152542373
0 0.15447897623400367 0.6048728813559322 0.07678244972577697 0.05084745762711865
3 0.15173674588665448 0.7192796610169492 0.12979890310786105 0.1016949152542373
10 0.18190127970749542 0.9088983050847458 0.09506398537477148 0.09957627118644068
0 0.6119744058500914 0.03389830508474576 0.7723948811700183 0.06567796610169492
0 0.6101462522851919 0.2552966101694915 0.7760511882998172 0.0635593220338983
0 0.6101462522851919 0.4766949152542373 0.7760511882998172 0.06567796610169492
0 0.6101462522851919 0.7033898305084746 0.7760511882998172 0.06567796610169492
0 0.38939670932358317 0.548728813559322 0.23217550274223034 0.048728813559322036
0 0.38939670932358317 0.1038135593220339 0.23217550274223034 0.048728813559322036
0 0.38939670932358317 0.3273305084745763 0.23217550274223034 0.05084745762711865
0 0.38939670932358317 0.7754237288135594 0.23217550274223034 0.048728813559322036
