2 0.500908622830663 0.33653967056456685 0.3579973952812187 0.2813403747013705
2 0.4993942514462247 0.6996102099836539 0.3586031438349941 0.2907707783226454
7 0.0948905109489051 0.5037878787878788 0.10364963503649635 0.13257575757575757
7 0.9065693430656935 0.17424242424242425 0.10364963503649635 0.13257575757575757
7 0.9124087591240876 0.7992424242424242 0.10364963503649635 0.13257575757575757
3 0.7306569343065693 0.8276515151515151 0.10510948905109489 0.18181818181818182
3 0.7313868613138687 0.1893939393939394 0.10364963503649635 0.17803030303030304
3 0.27007299270072993 0.5018939393939394 0.10364963503649635 0.18181818181818182
0 0.11678832116788321 0.5037878787878788 0.2321167883211679 0.2537878787878788
0 0.5014598540145986 0.30303030303030304 0.38248175182481753 0.36742424242424243
0 0.5007299270072992 0.6988636363636364 0.38394160583941606 0.36363636363636365
0 0.885036496350365 0.18371212121212122 0.227007299270073 0.19696969696969696
0 0.885036496350365 0.8162878787878788 0.227007299270073 0.21212121212121213
