10 0.6038167938931298 0.08829787234042553 0.07938931297709924 0.09787234042553192
10 0.6389312977099236 0.8968085106382979 0.07938931297709924 0.10212765957446808
3 0.6145038167938931 0.7117021276595744 0.10687022900763359 0.10212765957446808
3 0.6145038167938931 0.4787234042553192 0.10687022900763359 0.1
3 0.6145038167938931 0.25851063829787235 0.10687022900763359 0.10212765957446808
0 0.23396946564885496 0.49042553191489363 0.466412213740458 0.13617021276595745
0 0.23473282442748092 0.2723404255319149 0.4679389312977099 0.13404255319148936
0 0.23396946564885496 0.7287234042553191 0.466412213740458 0.13617021276595745
0 0.6137404580152672 0.6 0.06259541984732825 0.04893617021276596
0 0.6196946564885496 0.8764893617021278 0.16641221374045811 0.24148936170212765
2 0.6145038167938931 0.3702127659574468 0.024427480916030534 0.11702127659574468
