0 0.7467159277504105 0.25922131147540983 0.5032840722495895 0.13114754098360656
0 0.7467159277504105 0.5153688524590164 0.5032840722495895 0.13114754098360656
0 0.7475369458128078 0.7653688524590164 0.5016420361247947 0.13114754098360656
0 0.2348111658456486 0.5983606557377049 0.06732348111658457 0.0471311475409836
3 0.23234811165845648 0.7202868852459017 0.11494252873563218 0.09836065573770492
0 0.23645320197044334 0.8816598360655737 0.17898193760262726 0.23258196721311475
10 0.2536945812807882 0.8975409836065574 0.08538587848932677 0.09631147540983606
3 0.23234811165845648 0.4682377049180328 0.11494252873563218 0.09836065573770492
3 0.23234811165845648 0.21618852459016394 0.11494252873563218 0.09836065573770492
10 0.16420361247947454 0.04918032786885246 0.08374384236453201 0.09631147540983606
10 0.34236453201970446 0.04815573770491803 0.08538587848932677 0.0942622950819672
2 0.2315270935960591 0.3411885245901639 0.021346469622331693 0.15163934426229508
