6 0.116361723421181 0.8927134274933597 0.11633178509413467 0.1447738905418192
6 0.3148100626994107 0.8892935718112694 0.0650089387290752 0.13109446781345824
9 0.5513228463650593 0.8602247985135026 0.11376564277588165 0.15503345758808976
6 0.757469612598048 0.8841637882881341 0.060732034865320306 0.12767461213136813
6 0.8951859170109574 0.881313908553059 0.062442796410822225 0.12653466023733795
5 0.23483196044719312 0.5062697354171655 0.07612888877483814 0.094616007204496
5 0.457658651748826 0.34496654241191027 0.11633178509413464 0.13451432349554843
5 0.6697930833910716 0.3518062537760907 0.1146210235486326 0.1345143234955485
5 0.7335189509610203 0.06909818405663289 0.09323650422985796 0.1253947083433079
0 0.7630295876209294 0.1887931329297904 0.09922416963911479 0.09119615152240575
0 0.6206086889578896 0.13521539391037704 0.09836878886636383 0.09347605531046588
0 0.42130496890690894 0.13293549012231692 0.10179031195736778 0.08207653637016518
0 0.24509652972020501 0.16998392667829426 0.09836878886636385 0.0923361034164358
0 0.546618252114929 0.2201418100156174 0.8588022958419939 0.42292215268515665
0 0.49486771536349405 0.6795424233097362 0.04704594250130441 0.06497725795971403
0 0.5885319099797274 0.6795424233097362 0.046190561728553445 0.06041745038359368
0 0.6796299622777079 0.6806823752037663 0.04875670404680644 0.0718169693238945
0 0.878505991942313 0.6795424233097362 0.047901323274055364 0.06725716174777416
0 0.9721701865585465 0.6937918219851121 0.04533518095580238 0.06611720985374406
